[[22032, "SPエネルギー"],
 [22064, 22032],
 [22261, 22032],
 [23027, 22032],
 [23054, 22032],
 [23253, 22032],
 [23268, 22032],
 [39130, "いちげきエネルギー"],
 [39242, 39130],
 [39200, "れんげきエネルギー"],
 [39245, 39200],
 [22260, "アッパーエネルギー"],
 [38480, "アロマ草エネルギー"],
 [36837, "ウィークガードエネルギー"],
 [36963, 36837],
 [38597, "ウォッシュ水エネルギー"],
 [37730, "オーロラエネルギー"],
 [38832, 37730],
 [34129, "カウンターエネルギー"],
 [35606, 34129],
 [36460, 34129],
 [37980, "キャプチャーエネルギー"],
 [38833, 37980],
 [39243, 37980],
 [38598, "コーティング鋼エネルギー"],
 [10133, "コール・エネルギー"],
 [4097, "サイクロンエネルギー"],
 [19256, 4097],
 [30732, "シールドエネルギー"],
 [31280, 30732],
 [33721, 30732],
 [33849, 30732],
 [30471, "ストロングエネルギー"],
 [31222, 30471],
 [31831, 30471],
 [33209, 30471],
 [33719, 30471],
 [33847, 30471],
 [34534, 30471],
 [37434, 30471],
 [38481, "ストーン闘エネルギー"],
 [39240, 38481],
 [37978, "スピード雷エネルギー"],
 [38002, 37978],
 [38829, 37978],
 [31552, "スプラッシュエネルギー"],
 [33716, 31552],
 [33844, 31552],
 [30848, "ダブルアクアエネルギー"],
 [30933, "ダブルドラゴンエネルギー"],
 [30951, 30933],
 [31571, 30933],
 [32324, 30933],
 [33723, 30933],
 [33851, 30933],
 [34665, 30933],
 [37435, 30933],
 [30849, "ダブルマグマエネルギー"],
 [25131, "ダブル無色エネルギー"],
 [27604, 25131],
 [27622, 25131],
 [27640, 25131],
 [28357, 25131],
 [28671, 25131],
 [28774, 25131],
 [28791, 25131],
 [30165, 25131],
 [30332, 25131],
 [30577, 25131],
 [30638, 25131],
 [31133, 25131],
 [31149, 25131],
 [31223, 25131],
 [31281, 25131],
 [31722, 25131],
 [31858, 25131],
 [31996, 25131],
 [32293, 25131],
 [33064, 25131],
 [33182, 25131],
 [33189, 25131],
 [34067, 25131],
 [34342, 25131],
 [34377, 25131],
 [34447, 25131],
 [34526, 25131],
 [34636, 25131],
 [34767, 25131],
 [35019, 25131],
 [35160, 25131],
 [35220, 25131],
 [35386, 25131],
 [36254, 25131],
 [36461, 25131],
 [36629, 25131],
 [36872, 25131],
 [37867, "ツインエネルギー"],
 [38399, 37867],
 [38482, 37867],
 [38834, 37867],
 [39244, 37867],
 [36410, "トリプル加速エネルギー"],
 [37375, 36410],
 [37763, 36410],
 [36964, "ドローエネルギー"],
 [38237, "ハイド悪エネルギー"],
 [38831, 38237],
 [38910, 38237],
 [30470, "ハーブエネルギー"],
 [33714, 30470],
 [33842, 30470],
 [31054, "バッドエネルギー"],
 [33720, 31054],
 [33848, 31054],
 [31427, "バーニングエネルギー"],
 [33715, 31427],
 [33843, 31427],
 [38238, "パワフル無色エネルギー"],
 [38835, 38238],
 [39241, 38238],
 [38132, "ヒート炎エネルギー"],
 [38828, 38132],
 [10134, "ヒーラー・エネルギー"],
 [34611, "ビーストエネルギー プリズムスター"],
 [35607, 34611],
 [37376, 34611],
 [31053, "フラッシュエネルギー"],
 [33717, 31053],
 [33845, 31053],
 [27957, "ブレンドエネルギー 水雷闘鋼"],
 [27990, 27957],
 [28359, 27957],
 [27907, "ブレンドエネルギー 草炎超悪"],
 [27972, 27907],
 [28358, 27907],
 [28290, "プラズマエネルギー"],
 [28311, 28290],
 [28387, 28290],
 [28407, 28290],
 [28431, 28290],
 [28564, 28290],
 [28615, 28290],
 [28747, 28290],
 [27552, "プリズムエネルギー"],
 [28000, 27552],
 [37979, "ホラー超エネルギー"],
 [38830, 37979],
 [39239, 37979],
 [2122, "マルチエネルギー"],
 [4098, 2122],
 [30559, "ミステリーエネルギー"],
 [33210, 30559],
 [33718, 30559],
 [33846, 30559],
 [35387, "メモリーエネルギー"],
 [34448, "ユニットエネルギー草炎水"],
 [34612, 34448],
 [35221, 34448],
 [35608, 34448],
 [34768, "ユニットエネルギー闘悪フェアリー"],
 [35610, 34768],
 [34514, "ユニットエネルギー雷超鋼"],
 [34613, 34514],
 [35609, 34514],
 [10135, "リカバー・エネルギー"],
 [10519, 10135],
 [36705, "リサイクルエネルギー"],
 [37377, 36705],
 [21301, "レインボーエネルギー"],
 [23269, 21301],
 [25264, 21301],
 [25380, 21301],
 [30105, 21301],
 [31368, 21301],
 [31644, 21301],
 [33124, 21301],
 [33183, 21301],
 [34190, 21301],
 [34921, 21301],
 [36462, 21301],
 [26177, "レスキューエネルギー"],
 [30802, "ワンダーエネルギー"],
 [33722, 30802],
 [33850, 30802],
 [4099, "ワープエネルギー"],
 [19257, 4099],
 [34068, 4099],
 [30041, "基本フェアリーエネルギー"],
 [30189, 30041],
 [30226, 30041],
 [30640, 30041],
 [31151, 30041],
 [31232, 30041],
 [31290, 30041],
 [31562, 30041],
 [31635, 30041],
 [31734, 30041],
 [31859, 30041],
 [32005, 30041],
 [32132, 30041],
 [32335, 30041],
 [32370, 30041],
 [33198, 30041],
 [33226, 30041],
 [33285, 30041],
 [34224, 30041],
 [34624, 30041],
 [34674, 30041],
 [36471, 30041],
 [36517, 30041],
 [36891, 30041],
 [37478, 30041],
 [37750, 30041],
 [38271, 30041],
 [7, "基本悪エネルギー"],
 [9007, 7],
 [23276, 7],
 [24330, 7],
 [25290, 7],
 [25303, 7],
 [25311, 7],
 [27270, 7],
 [27284, 7],
 [27334, 7],
 [27445, 7],
 [27700, 7],
 [27975, 7],
 [28004, 7],
 [28022, 7],
 [28364, 7],
 [28433, 7],
 [28496, 7],
 [28904, 7],
 [30043, 7],
 [30204, 7],
 [30224, 7],
 [30334, 7],
 [30375, 7],
 [30639, 7],
 [31230, 7],
 [31288, 7],
 [31561, 7],
 [31566, 7],
 [32003, 7],
 [32333, 7],
 [32368, 7],
 [33196, 7],
 [33224, 7],
 [33520, 7],
 [34222, 7],
 [34622, 7],
 [34672, 7],
 [36469, 7],
 [36889, 7],
 [37476, 7],
 [37748, 7],
 [37770, 7],
 [38261, 7],
 [38269, 7],
 [38909, 7],
 [3, "基本水エネルギー"],
 [4104, 3],
 [9003, 3],
 [23272, 3],
 [24326, 3],
 [25299, 3],
 [25307, 3],
 [27065, 3],
 [27280, 3],
 [27428, 3],
 [27441, 3],
 [27661, 3],
 [27666, 3],
 [27683, 3],
 [27747, 3],
 [27991, 3],
 [28021, 3],
 [28070, 3],
 [28092, 3],
 [28361, 3],
 [28388, 3],
 [28409, 3],
 [28460, 3],
 [28672, 3],
 [28900, 3],
 [30044, 3],
 [30220, 3],
 [30967, 3],
 [31226, 3],
 [31284, 3],
 [31464, 3],
 [31633, 3],
 [31730, 3],
 [31999, 3],
 [32329, 3],
 [32364, 3],
 [33192, 3],
 [33220, 3],
 [33517, 3],
 [33551, 3],
 [33994, 3],
 [33996, 3],
 [34218, 3],
 [34559, 3],
 [34560, 3],
 [34618, 3],
 [34668, 3],
 [36465, 3],
 [36539, 3],
 [36885, 3],
 [37060, 3],
 [37472, 3],
 [37550, 3],
 [37744, 3],
 [37766, 3],
 [38265, 3],
 [38628, 3],
 [38641, 3],
 [2, "基本炎エネルギー"],
 [4103, 2],
 [9002, 2],
 [23271, 2],
 [24325, 2],
 [25298, 2],
 [25306, 2],
 [27046, 2],
 [27267, 2],
 [27279, 2],
 [27323, 2],
 [27440, 2],
 [27665, 2],
 [27682, 2],
 [27731, 2],
 [28001, 2],
 [28054, 2],
 [28360, 2],
 [28408, 2],
 [28451, 2],
 [28899, 2],
 [30042, 2],
 [30219, 2],
 [30333, 2],
 [30370, 2],
 [30374, 2],
 [30952, 2],
 [31077, 2],
 [31134, 2],
 [31225, 2],
 [31283, 2],
 [31729, 2],
 [31998, 2],
 [32130, 2],
 [32328, 2],
 [32363, 2],
 [33191, 2],
 [33219, 2],
 [33282, 2],
 [33995, 2],
 [34217, 2],
 [34556, 2],
 [34557, 2],
 [34617, 2],
 [34667, 2],
 [36464, 2],
 [36494, 2],
 [36884, 2],
 [37471, 2],
 [37526, 2],
 [37743, 2],
 [37765, 2],
 [38264, 2],
 [38640, 2],
 [1, "基本草エネルギー"],
 [4102, 1],
 [9001, 1],
 [23270, 1],
 [24324, 1],
 [25297, 1],
 [25305, 1],
 [27027, 1],
 [27278, 1],
 [27427, 1],
 [27439, 1],
 [27660, 1],
 [27667, 1],
 [27715, 1],
 [27973, 1],
 [28038, 1],
 [28091, 1],
 [28442, 1],
 [28775, 1],
 [28898, 1],
 [30040, 1],
 [30218, 1],
 [30373, 1],
 [30966, 1],
 [31224, 1],
 [31282, 1],
 [31565, 1],
 [31728, 1],
 [31997, 1],
 [32327, 1],
 [32362, 1],
 [33190, 1],
 [33218, 1],
 [33281, 1],
 [34216, 1],
 [34553, 1],
 [34554, 1],
 [34616, 1],
 [34666, 1],
 [36463, 1],
 [36493, 1],
 [36883, 1],
 [37470, 1],
 [37502, 1],
 [37742, 1],
 [37764, 1],
 [38263, 1],
 [38639, 1],
 [5, "基本超エネルギー"],
 [4106, 5],
 [9005, 5],
 [23274, 5],
 [24328, 5],
 [25301, 5],
 [25309, 5],
 [27066, 5],
 [27282, 5],
 [27325, 5],
 [27429, 5],
 [27443, 5],
 [27662, 5],
 [27748, 5],
 [27974, 5],
 [28039, 5],
 [28093, 5],
 [28312, 5],
 [28363, 5],
 [28432, 5],
 [28478, 5],
 [28792, 5],
 [28902, 5],
 [30222, 5],
 [30349, 5],
 [31135, 5],
 [31228, 5],
 [31286, 5],
 [31560, 5],
 [31732, 5],
 [32001, 5],
 [32331, 5],
 [32366, 5],
 [33194, 5],
 [33222, 5],
 [33283, 5],
 [33552, 5],
 [34220, 5],
 [34620, 5],
 [34670, 5],
 [36467, 5],
 [36540, 5],
 [36887, 5],
 [37474, 5],
 [37746, 5],
 [37768, 5],
 [38267, 5],
 [8, "基本鋼エネルギー"],
 [9008, 8],
 [23277, 8],
 [24331, 8],
 [25291, 8],
 [25304, 8],
 [25312, 8],
 [27285, 8],
 [27430, 8],
 [27446, 8],
 [27663, 8],
 [27684, 8],
 [28023, 8],
 [28094, 8],
 [28313, 8],
 [28505, 8],
 [28905, 8],
 [30045, 8],
 [30225, 8],
 [30578, 8],
 [31079, 8],
 [31231, 8],
 [31289, 8],
 [31634, 8],
 [32004, 8],
 [32334, 8],
 [32369, 8],
 [33197, 8],
 [33225, 8],
 [33284, 8],
 [34223, 8],
 [34623, 8],
 [34673, 8],
 [36470, 8],
 [36890, 8],
 [37477, 8],
 [37749, 8],
 [37771, 8],
 [38270, 8],
 [6, "基本闘エネルギー"],
 [4107, 6],
 [9006, 6],
 [23275, 6],
 [24329, 6],
 [25302, 6],
 [25310, 6],
 [27028, 6],
 [27269, 6],
 [27283, 6],
 [27444, 6],
 [27699, 6],
 [27716, 6],
 [27993, 6],
 [28003, 6],
 [28055, 6],
 [28487, 6],
 [28903, 6],
 [30223, 6],
 [30350, 6],
 [30968, 6],
 [31229, 6],
 [31287, 6],
 [31733, 6],
 [31832, 6],
 [32002, 6],
 [32131, 6],
 [32332, 6],
 [32367, 6],
 [33195, 6],
 [33223, 6],
 [33519, 6],
 [33536, 6],
 [34221, 6],
 [34621, 6],
 [34671, 6],
 [36256, 6],
 [36468, 6],
 [36888, 6],
 [37475, 6],
 [37600, 6],
 [37747, 6],
 [37769, 6],
 [38268, 6],
 [4, "基本雷エネルギー"],
 [4105, 4],
 [9004, 4],
 [23273, 4],
 [24327, 4],
 [25300, 4],
 [25308, 4],
 [27047, 4],
 [27268, 4],
 [27281, 4],
 [27324, 4],
 [27442, 4],
 [27668, 4],
 [27698, 4],
 [27732, 4],
 [27992, 4],
 [28002, 4],
 [28071, 4],
 [28362, 4],
 [28389, 4],
 [28469, 4],
 [28901, 4],
 [30221, 4],
 [30348, 4],
 [30953, 4],
 [31078, 4],
 [31150, 4],
 [31227, 4],
 [31285, 4],
 [31731, 4],
 [32000, 4],
 [32330, 4],
 [32365, 4],
 [33193, 4],
 [33221, 4],
 [33518, 4],
 [33535, 4],
 [34219, 4],
 [34619, 4],
 [34669, 4],
 [36466, 4],
 [36516, 4],
 [36886, 4],
 [37473, 4],
 [37575, 4],
 [37745, 4],
 [37767, 4],
 [38266, 4],
 [38642, 4],
 [2120, "悪エネルギー"],
 [3117, 2120],
 [4100, 2120],
 [7002, 2120],
 [7004, 2120],
 [22262, 2120],
 [23254, 2120],
 [25286, "水エネルギー"],
 [25285, "炎エネルギー"],
 [25536, "特殊悪エネルギー"],
 [25725, 25536],
 [25573, "特殊鋼エネルギー"],
 [25726, 25573],
 [25284, "草エネルギー"],
 [25288, "超エネルギー"],
 [34513, "超ブーストエネルギー プリズムスター"],
 [37374, 34513],
 [2121, "鋼エネルギー"],
 [3118, 2121],
 [4101, 2121],
 [7003, 2121],
 [7005, 2121],
 [22263, 2121],
 [23255, 2121],
 [25289, "闘エネルギー"],
 [25287, "雷エネルギー"],
 [30555, "AZ"],
 [33690, 30555],
 [33818, 30555],
 [35782, 30555],
 [28745, "Gスコープ"],
 [28746, "Gブースター"],
 [25376, "MCのおしゃべり"],
 [25401, 25376],
 [25424, 25376],
 [25460, 25376],
 [25479, 25376],
 [27426, "N"],
 [27620, 27426],
 [27638, 27426],
 [28354, 27426],
 [28368, 27426],
 [28758, 27426],
 [31810, 27426],
 [31826, 27426],
 [33203, 27426],
 [33691, 27426],
 [33819, 27426],
 [34530, 27426],
 [34650, 27426],
 [35881, 27426],
 [37426, 27426],
 [37042, "Nの覚悟"],
 [37176, 37042],
 [34917, "TVレポーター"],
 [35720, 34917],
 [36701, "Uターンボード"],
 [37347, 36701],
 [39129, "あくの塔"],
 [35369, "あとだしハンマー"],
 [28148, "あなぬけのヒモ"],
 [28414, 28148],
 [30792, 28148],
 [31965, 28148],
 [33511, 28148],
 [34317, 28148],
 [36021, 28148],
 [36398, 28148],
 [36591, 28148],
 [39121, 28148],
 [36643, "あばれる君"],
 [30159, "いいきずぐすり"],
 [32277, 30159],
 [25366, "いいつりざお"],
 [30303, "いたずらスコップ"],
 [39124, "いちげきの巻物 怒りの巻"],
 [33961, "いちゃもんスプレー"],
 [28614, "いのちのしずく"],
 [37438, 28614],
 [30653, "いやしのはごろも"],
 [34836, "いれかえフロート"],
 [35919, 34836],
 [37751, 34836],
 [30800, "うねりの大海"],
 [31278, 30800],
 [33207, 30800],
 [33705, 30800],
 [33833, 30800],
 [34661, 30800],
 [39191, "うねりの扇"],
 [30793, "おいしいみずセット"],
 [38227, "おうえんYホーン"],
 [33118, "おおきいマラサダ"],
 [33162, 33118],
 [34182, 33118],
 [34759, "おじょうさま"],
 [35704, 34759],
 [36967, 34759],
 [38476, "おとなのおねえさん"],
 [38605, 38476],
 [34501, "おとりよせパッド"],
 [36633, 34501],
 [31631, "おはなのかんむり"],
 [10128, "おまもりこばん"],
 [39330, "おむかえちょうちん"],
 [36702, "かいじゅうマニア"],
 [36879, 36702],
 [10123, "かいの化石"],
 [24229, 10123],
 [31803, "かいの化石 オムナイト"],
 [30162, "かたいおまもり"],
 [31209, 30162],
 [31268, 30162],
 [33674, 30162],
 [33802, 30162],
 [26174, "からておう"],
 [28612, "かるいし"],
 [31363, 28612],
 [31974, 28612],
 [34646, 28612],
 [37420, 28612],
 [35217, "かんこうきゃく"],
 [36220, 35217],
 [36454, 35217],
 [36841, 35217],
 [37353, 35217],
 [37460, 35217],
 [30463, "きあいのタスキ"],
 [33675, 30463],
 [33803, 30463],
 [1110, "きずぐすり"],
 [2141, 1110],
 [3125, 1110],
 [10523, 1110],
 [15031, 1110],
 [21520, 1110],
 [21542, 1110],
 [21564, 1110],
 [21595, 1110],
 [24024, 1110],
 [24055, 1110],
 [27022, 1110],
 [27042, 1110],
 [27061, 1110],
 [27710, 1110],
 [27727, 1110],
 [27743, 1110],
 [28034, 1110],
 [28050, 1110],
 [28066, 1110],
 [28439, 1110],
 [28457, 1110],
 [30034, 1110],
 [30182, 1110],
 [31143, 1110],
 [31700, 1110],
 [32199, 1110],
 [32279, 1110],
 [33163, 1110],
 [33531, 1110],
 [34435, 1110],
 [35136, 1110],
 [36507, 1110],
 [37490, 1110],
 [37772, 1110],
 [38004, 1110],
 [38359, 1110],
 [38875, 1110],
 [36833, "きとうし"],
 [36985, 36833],
 [37971, "きんのたま"],
 [38813, "くちたけん"],
 [38814, "くちたたて"],
 [36587, "くろおび"],
 [37344, 36587],
 [27203, "げんきのかけら"],
 [27317, 27203],
 [28341, 27203],
 [30924, 27203],
 [32280, 27203],
 [30099, "げんきのかたまり"],
 [31201, 30099],
 [31260, 30099],
 [31702, 30099],
 [32201, 30099],
 [37521, "げんきのハチマキ"],
 [37569, 37521],
 [37726, 37521],
 [38008, 37521],
 [38375, 37521],
 [38645, 37521],
 [30927, "こうかくレンズ"],
 [10124, "こうらの化石"],
 [24231, 10124],
 [31804, "こうらの化石 カブト"],
 [33278, "こだわりハチマキ"],
 [33403, 33278],
 [34329, 33278],
 [34519, 33278],
 [34606, 33278],
 [34631, 33278],
 [34758, 33278],
 [35009, 33278],
 [35215, 33278],
 [35376, 33278],
 [35925, 33278],
 [36038, 33278],
 [36449, 33278],
 [36620, 33278],
 [36864, 33278],
 [35377, "こだわりメット"],
 [35926, 35377],
 [36637, 35377],
 [31549, "こわいおねえさん"],
 [33697, 31549],
 [33825, 31549],
 [34654, 31549],
 [35885, 31549],
 [24235, "しあわせタマゴ"],
 [37727, 24235],
 [38376, 24235],
 [37149, "しまめぐりのあかし"],
 [37515, "しんかのおこう"],
 [37540, 37515],
 [37662, 37515],
 [37734, 37515],
 [38021, 37515],
 [38042, 37515],
 [38362, 37515],
 [38804, 37515],
 [38857, 37515],
 [38877, 37515],
 [38896, 37515],
 [39221, 37515],
 [27425, "しんかのきせき"],
 [27658, 27425],
 [28018, 27425],
 [28352, 27425],
 [28207, "じてんしゃ"],
 [30725, "じゃくてんほけん"],
 [33512, 30725],
 [37663, "すごいきずぐすり"],
 [38805, 37663],
 [27420, "すごいつりざお"],
 [27853, 27420],
 [31442, 27420],
 [31704, 27420],
 [34638, 27420],
 [2112, "ずがいの化石"],
 [2138, 2112],
 [7010, 2112],
 [21257, 2112],
 [30304, "せいなるはい"],
 [33466, "せせらぎの丘"],
 [34340, 33466],
 [34525, 33466],
 [34845, 33466],
 [35158, 33466],
 [36628, 33466],
 [38126, "そっくりベル"],
 [35018, "そらのはしら"],
 [37860, "たっぷりバケツ"],
 [38364, 37860],
 [38807, 37860],
 [24237, "たつじんのおび"],
 [2113, "たての化石"],
 [2139, 2113],
 [7011, 2113],
 [21259, 2113],
 [32061, "たての化石 タテトプス"],
 [10129, "たべのこし"],
 [30102, "ちからのハチマキ"],
 [30227, 30102],
 [30338, 30102],
 [30972, 30102],
 [31210, 30102],
 [31269, 30102],
 [33677, 30102],
 [33805, 30102],
 [37421, 30102],
 [31423, "とつげきチョッキ"],
 [31865, 31423],
 [30208, "ともだちてちょう"],
 [30322, 30208],
 [34436, 30208],
 [35459, 30208],
 [36439, 30208],
 [36634, 30208],
 [36838, 30208],
 [37200, 30208],
 [37590, 30208],
 [37791, 30208],
 [38366, 30208],
 [32321, "とりかえっこプリーズ!"],
 [38232, "とりつかい"],
 [38817, 38232],
 [38925, 38232],
 [28286, "どくさいみん光線"],
 [28307, 28286],
 [28425, 28286],
 [31308, 28286],
 [33121, "どくバリ"],
 [33176, 33121],
 [34186, 33121],
 [31433, "なかよしレスキュー"],
 [34437, "なぞの化石"],
 [34503, 34437],
 [34752, 34437],
 [36023, 34437],
 [36830, 34437],
 [37148, 34437],
 [4086, "なにかの化石"],
 [25250, "なんでもなおし"],
 [27205, 25250],
 [30209, 25250],
 [32282, 25250],
 [37773, 25250],
 [1112, "なんでもなおしW"],
 [15009, 1112],
 [19018, 1112],
 [19042, 1112],
 [21565, 1112],
 [21596, 1112],
 [37186, "にじいろのはな"],
 [33513, "ねがいのバトン"],
 [35585, 33513],
 [36450, 33513],
 [31807, "ねじれたスプーン"],
 [4087, "ねっこの化石"],
 [17146, 4087],
 [28736, "ねっこの化石 リリーラ"],
 [34176, "のぞきみレッドカード"],
 [35281, "のろいのおふだ"],
 [37345, 35281],
 [37973, "のろいのスコップ"],
 [30160, "はかせのてがみ"],
 [31203, 30160],
 [31263, 30160],
 [31434, 30160],
 [31443, 30160],
 [31706, 30160],
 [33199, 30160],
 [34642, 30160],
 [24025, "はじまりの扉"],
 [24056, 24025],
 [24227, 24025],
 [24263, 24025],
 [27422, "はねの化石"],
 [28737, 27422],
 [10125, "ひみつのコハク"],
 [24233, 10125],
 [27826, "ひみつのコハク プテラ"],
 [31805, 27826],
 [36189, "びっくりボックス"],
 [30305, "びっくりメガホン"],
 [31971, 30305],
 [37667, "ふうせん"],
 [38377, 37667],
 [38816, 37667],
 [39229, 37667],
 [38886, "ふくよかミュージシャン"],
 [10126, "ふしぎなアメ"],
 [25395, 10126],
 [25709, 10126],
 [27825, 10126],
 [27968, 10126],
 [27986, 10126],
 [28089, 10126],
 [28344, 10126],
 [28380, 10126],
 [28400, 10126],
 [28663, 10126],
 [30723, 10126],
 [31075, 10126],
 [31205, 10126],
 [31265, 10126],
 [31707, 10126],
 [31972, 10126],
 [33169, 10126],
 [33186, 10126],
 [33275, 10126],
 [33299, 10126],
 [33300, 10126],
 [33301, 10126],
 [33302, 10126],
 [33383, 10126],
 [34322, 10126],
 [34369, 10126],
 [34506, 10126],
 [34518, 10126],
 [34629, 10126],
 [34754, 10126],
 [34910, 10126],
 [35005, 10126],
 [35141, 10126],
 [35371, 10126],
 [36025, 10126],
 [36401, 10126],
 [36444, 10126],
 [36486, 10126],
 [36615, 10126],
 [37517, 10126],
 [37723, 10126],
 [37735, 10126],
 [38005, 10126],
 [38023, 10126],
 [38044, 10126],
 [38367, 10126],
 [38898, 10126],
 [39224, 10126],
 [26175, "ふたごちゃん"],
 [27423, "ふたの化石"],
 [28738, 27423],
 [21017, "ふっかつそう"],
 [25420, 21017],
 [34911, 21017],
 [37664, "ふつうのつりざお"],
 [38809, 37664],
 [39225, 37664],
 [35280, "ぼうけんのカバン"],
 [37157, 35280],
 [37332, 35280],
 [25567, "ぼうずの修行"],
 [25717, 25567],
 [34918, "ぼんぐり職人"],
 [35721, 34918],
 [36835, "まどろみの森"],
 [23023, "まもりのかけら"],
 [27151, "まんたんのくすり"],
 [28081, 27151],
 [28348, 27151],
 [31459, 27151],
 [31575, 27151],
 [33277, 27151],
 [34324, 27151],
 [35578, 27151],
 [36199, 27151],
 [36617, 27151],
 [36862, 27151],
 [30551, "みがわりロボ（フレア団ギア）"],
 [30659, 30551],
 [31208, 30551],
 [33671, 30551],
 [33799, 30551],
 [39199, "みずの塔"],
 [36145, "みみなりベル"],
 [36492, "むしとりしょうねん"],
 [36515, 36492],
 [33059, "むしよけスプレー"],
 [33172, 33059],
 [38229, "めずらしい化石"],
 [38810, 38229],
 [38231, "もくもくスモーク"],
 [34199, "やまおとこ"],
 [36045, 34199],
 [39331, "やまびこホーン"],
 [36403, "やみのいし"],
 [39195, "れんげきの巻物 渦の巻"],
 [28742, "アイリス"],
 [30798, "アオギリの切り札"],
 [35799, 30798],
 [34441, "アカギ プリズムスター"],
 [37348, 34441],
 [23052, "アカギの先制"],
 [23243, 23052],
 [21265, "アカギの策略"],
 [21292, 21265],
 [35379, "アカネ"],
 [35749, 35379],
 [30840, "アクアディフューザー"],
 [33463, "アクアパッチ"],
 [34316, 33463],
 [34515, 33463],
 [34601, 33463],
 [34625, 33463],
 [34835, 33463],
 [35134, 33463],
 [35918, 33463],
 [36036, 33463],
 [36607, 33463],
 [30843, "アクア団のしたっぱ"],
 [30969, 30843],
 [30838, "アクア団のスーパーボール"],
 [30842, "アクア団の幹部"],
 [30846, "アクア団の秘密基地"],
 [28287, "アクロマ"],
 [28308, 28287],
 [28427, 28287],
 [37425, 28287],
 [28285, "アクロママシーン"],
 [28306, 28285],
 [28424, 28285],
 [30460, "アゴの化石"],
 [31366, "アズサ"],
 [31983, 31366],
 [33689, 31366],
 [33817, 31366],
 [34649, 31366],
 [35827, 31366],
 [33514, "アセロラ"],
 [34331, 33514],
 [34632, 33514],
 [34852, 33514],
 [35588, 33514],
 [35646, 33514],
 [36310, 33514],
 [36451, 33514],
 [37191, 33514],
 [28885, "アララギパパ"],
 [27153, "アララギ博士"],
 [27265, 27153],
 [27619, 27153],
 [27637, 27153],
 [27970, 27153],
 [27988, 27153],
 [28353, 27153],
 [28384, 27153],
 [28404, 27153],
 [28667, 27153],
 [24247, "アルティメットゾーン"],
 [24274, 24247],
 [25721, "アルフの遺跡"],
 [37440, "アローラの仲間たち"],
 [36194, "アンズ"],
 [36318, 36194],
 [36747, 36194],
 [36959, 36194],
 [30363, "イカサマコイン"],
 [37041, "イツキ"],
 [37457, 37041],
 [28886, "イマクニ？"],
 [31713, 28886],
 [33062, "イリマ"],
 [33177, 33062],
 [33386, 33062],
 [34187, 33062],
 [35144, 33062],
 [35615, 33062],
 [36489, 33062],
 [36511, 33062],
 [25372, "インタビュアーの質問"],
 [35581, "ウォーターメモリ"],
 [38255, "ウカッツ"],
 [38923, 38255],
 [25125, "ウツギはかせの育てかた"],
 [25280, 25125],
 [25374, 25125],
 [25399, 25125],
 [25458, 25125],
 [25526, 25125],
 [25563, 25125],
 [35380, "ウツギ博士のレクチャー"],
 [35390, 35380],
 [35750, 35380],
 [36452, 35380],
 [37159, 35380],
 [37349, 35380],
 [34610, "ウルトラスペース"],
 [35603, 34610],
 [36303, "ウルトラフォレストのかみつかい"],
 [34548, "ウルトラボール"],
 [34607, "ウルトラ調査隊"],
 [35697, 34607],
 [31042, "エコアーム"],
 [31645, 31042],
 [34508, "エスケープボード"],
 [35458, 34508],
 [35582, 34508],
 [36447, 34508],
 [36966, 34508],
 [4089, "エニシダ"],
 [33366, "エネくじ"],
 [35572, 33366],
 [34750, "エネポーター"],
 [1108, "エネルギーつけかえ"],
 [4082, 1108],
 [10521, 1108],
 [15030, 1108],
 [17022, 1108],
 [19017, 1108],
 [21059, 1108],
 [23018, 1108],
 [25117, 1108],
 [27060, 1108],
 [27742, 1108],
 [28767, 1108],
 [30206, 1108],
 [31699, 1108],
 [33161, 1108],
 [34908, 1108],
 [35135, 1108],
 [35206, 1108],
 [36609, 1108],
 [36955, 1108],
 [37537, 1108],
 [37732, 1108],
 [38357, 1108],
 [35397, "エネルギースピナー"],
 [17009, "エネルギーパッチ"],
 [17152, 17009],
 [21594, 17009],
 [31806, "エネルギーポーチ"],
 [30964, "エネルギーリサイクル"],
 [33272, 30964],
 [33380, 30964],
 [35573, 30964],
 [36435, 30964],
 [39192, 30964],
 [31472, "エネルギーリセット"],
 [25435, "エネルギーリターナー"],
 [4083, "エネルギーリムーブ"],
 [19252, "エネルギーリンク"],
 [25522, "エネルギー交換装置"],
 [25557, 25522],
 [25705, 25522],
 [1107, "エネルギー再生"],
 [10520, 1107],
 [15020, 1107],
 [21038, 1107],
 [23045, 1107],
 [27041, "エネルギー回収"],
 [27148, 27041],
 [27726, 27041],
 [28661, 27041],
 [30205, 27041],
 [31127, 27041],
 [31698, 27041],
 [32278, 27041],
 [33117, 27041],
 [33160, 27041],
 [33530, 27041],
 [34056, 27041],
 [36954, 27041],
 [37562, 27041],
 [37731, 27041],
 [4081, "エネルギー循環装置"],
 [34907, 4081],
 [36608, 4081],
 [1109, "エネルギー転送"],
 [2140, 1109],
 [10522, 1109],
 [15007, 1109],
 [17008, 1109],
 [21060, 1109],
 [21541, 1109],
 [22022, 1109],
 [22054, 1109],
 [23019, 1109],
 [23046, 1109],
 [24226, 1109],
 [27226, 1109],
 [27240, 1109],
 [27254, 1109],
 [27676, 1109],
 [27692, 1109],
 [28014, 1109],
 [37489, 1109],
 [37513, 1109],
 [37538, 1109],
 [37563, 1109],
 [37587, 1109],
 [38358, 1109],
 [36995, "エリカ"],
 [36028, "エリカのおもてなし"],
 [36212, 36028],
 [36433, 36028],
 [37350, 36028],
 [37458, 36028],
 [37757, 36028],
 [38380, 36028],
 [31049, "エリートトレーナー"],
 [30928, "エルレイドソウルリンク"],
 [35445, "エレキチャージャー"],
 [35207, "エレキパワー"],
 [35446, 35207],
 [35920, 35207],
 [36197, 35207],
 [36436, 35207],
 [36610, 35207],
 [37322, 35207],
 [37323, 35207],
 [37752, 35207],
 [34327, "エレクトロメモリ"],
 [25403, "エンジニアの調整"],
 [25441, 25403],
 [33369, "エーテルパラダイス保護区"],
 [34338, 33369],
 [34523, 33369],
 [36627, 33369],
 [34791, "エーテル財団職員"],
 [36040, 34791],
 [38801, "エール団のおうえんタオル"],
 [37545, "エール団のしたっぱ"],
 [37728, 37545],
 [37882, 37545],
 [38133, 37545],
 [38379, 37545],
 [31050, "オカルトマニア"],
 [31559, 31050],
 [33692, 31050],
 [33820, 31050],
 [34651, 31050],
 [35882, 31050],
 [4090, "オダマキはかせ"],
 [30799, "オダマキ博士の観察"],
 [30946, 30799],
 [31460, 30799],
 [35800, 30799],
 [38477, "オニオン"],
 [38606, 38477],
 [31364, "オニゴーリソウルリンク"],
 [37594, "オボンのみ"],
 [37725, 37594],
 [37974, "オリーヴ"],
 [38061, 37974],
 [38381, 37974],
 [25127, "オーキドはかせの新理論"],
 [25528, 25127],
 [25565, 25127],
 [3114, "オーキドはかせの訪問"],
 [7024, 3114],
 [10528, 3114],
 [24241, 3114],
 [36960, "オーキド博士のセッティング"],
 [37054, 36960],
 [32290, "オーキド博士のヒント"],
 [28459, "オーキド博士の出むかえ"],
 [28468, 28459],
 [28486, 28459],
 [28495, 28459],
 [22028, "オーバの気合"],
 [31086, "オールナイトパーティ"],
 [30796, "カイオーガソウルリンク"],
 [31270, 30796],
 [34175, "カウンターキャッチャー"],
 [35574, 34175],
 [35214, "カウンターゲイン"],
 [36448, 35214],
 [37343, 35214],
 [31812, "カオスタワー"],
 [33912, "カキ"],
 [34332, 33912],
 [34520, 33912],
 [34839, 33912],
 [35145, 33912],
 [35652, 33912],
 [35927, 33912],
 [36413, 33912],
 [36453, 33912],
 [4093, "カゲツのスタジアム"],
 [35208, "カスタムキャッチャー"],
 [37324, 35208],
 [37351, "カスミ&カンナ"],
 [37459, 37351],
 [36832, "カスミのおねがい"],
 [36984, 36832],
 [31461, "カスミのやる気"],
 [32291, 31461],
 [35871, 31461],
 [36245, 31461],
 [38382, 31461],
 [36252, "カスミのハナダシティジム"],
 [36244, "カスミの水さばき"],
 [36429, "カツラのクイズショー"],
 [34840, "カツラの一発勝負"],
 [35711, 34840],
 [28743, "カトレア"],
 [28895, 28743],
 [35216, "カヒリ"],
 [35736, 35216],
 [36638, 35216],
 [38129, "カブ"],
 [38245, 38129],
 [28635, "カミツレ"],
 [32286, "カメックスソウルリンク"],
 [32325, "カリン"],
 [33694, 32325],
 [33822, 32325],
 [35884, 32325],
 [39333, "カリンの信念"],
 [34760, "カルネ"],
 [35146, 34760],
 [35589, 34760],
 [35705, 34760],
 [37352, 34760],
 [32143, "ガブリアスソウルリンク"],
 [39332, "ガラルのむねあて"],
 [37977, "ガラル鉱山"],
 [22030, "キクノの優しさ"],
 [17150, "キッサキしんでん"],
 [39123, "キャンプセット"],
 [36195, "キョウの罠"],
 [36319, 36195],
 [38595, "キルクス温泉"],
 [31547, "ギャラドスソウルリンク"],
 [35002, "ギリギリポーション"],
 [21269, "ギンガ団のアジト"],
 [3115, "ギンガ団のマーズ"],
 [21263, "ギンガ団の発明G-101 エナジーゲイン"],
 [22026, 21263],
 [22058, 21263],
 [21254, "ギンガ団の発明G-103 パワースプレー"],
 [21255, "ギンガ団の発明G-105 ポケターン"],
 [22023, 21255],
 [22055, 21255],
 [22246, "ギンガ団の発明G-107 ワザマシンG[ギンガ]"],
 [23050, 22246],
 [22245, "ギンガ団の発明G-109 SPレーダー"],
 [22282, 22245],
 [2117, "ギンガ団の賭け"],
 [36588, "ギーマ"],
 [36716, 36588],
 [2111, "クイックボール"],
 [37491, 2111],
 [37588, 2111],
 [37722, 2111],
 [37733, 2111],
 [38020, 2111],
 [38041, 2111],
 [38360, 2111],
 [38803, 2111],
 [38855, 2111],
 [38876, 2111],
 [38895, 2111],
 [39220, 2111],
 [33063, "ククイ博士"],
 [33178, 33063],
 [33187, 33063],
 [34188, 33063],
 [35147, 33063],
 [35616, 33063],
 [36535, 33063],
 [30556, "クセロシキ"],
 [31984, 30556],
 [33695, 30556],
 [33823, 30556],
 [34652, 30556],
 [35783, 30556],
 [35449, "クチナシ"],
 [35453, 35449],
 [35756, 35449],
 [31591, "クチートソウルリンク"],
 [27149, "クラッシュハンマー"],
 [27316, 27149],
 [28340, 27149],
 [28784, 27149],
 [30035, 27149],
 [30197, 27149],
 [31701, 27149],
 [33057, 27149],
 [33164, 27149],
 [33546, 27149],
 [34502, 27149],
 [35137, 27149],
 [36437, 27149],
 [36531, 27149],
 [37514, 27149],
 [37539, 27149],
 [38361, 27149],
 [38856, 27149],
 [39334, "クララ"],
 [28153, "クリスタルウォール"],
 [28212, "クリスタルエッジ"],
 [30163, "クロケア"],
 [23245, "クロツグの貢献"],
 [33963, "グズマ"],
 [34333, 33963],
 [34563, 33963],
 [34633, 33963],
 [35590, 33963],
 [35658, 33963],
 [35928, 33963],
 [36041, 33963],
 [36200, 33963],
 [36455, 33963],
 [36621, 33963],
 [36865, 33963],
 [37192, 33963],
 [37151, "グズマ&ハラ"],
 [37387, 37151],
 [38135, 37151],
 [34179, "グラジオ"],
 [35591, 34179],
 [35669, 34179],
 [36707, 34179],
 [35583, "グラスメモリ"],
 [30726, "グラードンソウルリンク"],
 [31211, 30726],
 [31975, 30726],
 [36834, "グリーンの戦略"],
 [36986, 36834],
 [37461, 36834],
 [36956, "グレートキャッチャー"],
 [36828, "グレートポーション"],
 [30641, "ゲンガーソウルリンク"],
 [31212, 30641],
 [31976, 30641],
 [4094, "ゲンジのスタジアム"],
 [28428, "ゲーチス"],
 [28561, 28428],
 [30465, "コルニ"],
 [31214, 30465],
 [31985, 30465],
 [33696, 30465],
 [33824, 30465],
 [34653, 30465],
 [35776, 30465],
 [37428, 30465],
 [39196, "コルニの気合い"],
 [39255, 39196],
 [36589, "コーチトレーナー"],
 [36717, 36589],
 [31599, "ゴジカ"],
 [27424, "ゴツゴツメット"],
 [28017, 27424],
 [28351, 27424],
 [28788, 27424],
 [38475, 27424],
 [22060, "ゴヨウの指名"],
 [19247, "ゴージャスボール"],
 [20026, 19247],
 [28152, "ゴールドポーション"],
 [31550, "サイキッカーの心眼"],
 [34177, "サイキックメモリ"],
 [38591, "サイトウ"],
 [38920, 38591],
 [30801, "サイレントラボ"],
 [33707, 30801],
 [33835, 30801],
 [31426, "サカキの計画"],
 [31986, 31426],
 [32336, 31426],
 [35832, 31426],
 [36404, "サカキの追放"],
 [36653, 36404],
 [37355, 36404],
 [33534, "サトシのゆうじょう"],
 [30186, "サナ"],
 [30201, 30186],
 [30328, 30186],
 [30573, 30186],
 [30633, 30186],
 [31131, 30186],
 [31147, 30186],
 [31215, 30186],
 [31273, 30186],
 [31714, 30186],
 [31827, 30186],
 [31852, 30186],
 [31987, 30186],
 [32197, 30186],
 [33698, 30186],
 [33826, 30186],
 [35886, 30186],
 [33681, "サメハダーソウルリンク"],
 [33809, 33681],
 [35219, "サンダーマウンテン プリズムスター"],
 [37367, 35219],
 [30797, "サーナイトソウルリンク"],
 [32118, 30797],
 [33680, 30797],
 [33808, 30797],
 [37423, 30797],
 [35381, "ザオボー"],
 [35751, 35381],
 [37354, 35381],
 [36399, "ザクザクピッケル"],
 [36034, "シオンタウン"],
 [31600, "シトロン"],
 [39126, "シバ"],
 [39265, 39126],
 [30203, "シャドーサークル"],
 [30636, 30203],
 [31279, 30203],
 [38596, "シュートスタジアム"],
 [28739, "シルバーバングル"],
 [28894, 28739],
 [34373, "シロナ"],
 [34509, 34373],
 [34521, 34373],
 [34634, 34373],
 [35398, 34373],
 [35592, 34373],
 [35690, 34373],
 [35930, 34373],
 [36030, 34373],
 [36042, 34373],
 [36246, 34373],
 [36414, 34373],
 [36457, 34373],
 [36490, 34373],
 [36512, 34373],
 [36537, 34373],
 [36622, 34373],
 [36640, 34373],
 [36866, 34373],
 [37758, 34373],
 [38028, 34373],
 [38049, 34373],
 [39201, 34373],
 [37152, "シロナ&カトレア"],
 [37388, 37152],
 [38136, 37152],
 [23025, "シロナの導き"],
 [23247, 23025],
 [17149, "シロナの想い"],
 [18504, 17149],
 [30100, "シンカソーダ"],
 [31469, 30100],
 [31703, 30100],
 [38496, "ジムトレーナー"],
 [38924, 38496],
 [31058, "ジムバッジ"],
 [31059, 31058],
 [31060, 31058],
 [31061, 31058],
 [31062, 31058],
 [31063, 31058],
 [31064, 31058],
 [31065, 31058],
 [32371, 31058],
 [32372, 31058],
 [32373, 31058],
 [32374, 31058],
 [32375, 31058],
 [32376, 31058],
 [32377, 31058],
 [32378, 31058],
 [32379, 31058],
 [32380, 31058],
 [32381, 31058],
 [32382, 31058],
 [32383, 31058],
 [32384, 31058],
 [32385, 31058],
 [32386, 31058],
 [36831, "ジャイアントボム"],
 [25405, "ジャッジマン"],
 [25481, 25405],
 [31446, 25405],
 [31715, 25405],
 [34761, 25405],
 [35148, 25405],
 [35218, 25405],
 [35737, 25405],
 [35929, 25405],
 [36029, 25405],
 [36456, 25405],
 [36536, 25405],
 [36639, 25405],
 [36961, 25405],
 [36022, "ジャッジマンホイッスル"],
 [30553, "ジャミングネット（フレア団ハイパーギア）"],
 [26173, "ジャンクアーム"],
 [31046, "ジュカインソウルリンク"],
 [31977, 31046],
 [33682, 31046],
 [33810, 31046],
 [37356, "ジュジュベ&ハチクマン"],
 [37462, 37356],
 [33399, "スイレン"],
 [34334, 33399],
 [35678, 33399],
 [37039, "スイレンのつりざお"],
 [27551, "スカイアローブリッジ"],
 [30932, "スカイフィールド"],
 [31994, 30932],
 [33710, 30932],
 [33838, 30932],
 [34664, 30932],
 [37432, 30932],
 [33122, "スカル団のしたっぱ"],
 [33179, 33122],
 [35621, 33122],
 [28291, "スクランブルスイッチ"],
 [32352, "スズキサン"],
 [36829, "スタジアムナビ"],
 [30576, "スチールシェルター"],
 [38235, "スパイクタウン"],
 [31978, "スピアーソウルリンク"],
 [1121, "スピードスタジアム"],
 [32062, "スペシャルチャージ"],
 [32116, 32062],
 [33660, 32062],
 [33788, 32062],
 [34639, 32062],
 [37412, 32062],
 [38022, "スマホロトム"],
 [38043, 38022],
 [38897, 38022],
 [10130, "スージーの抽選"],
 [28560, "スーパーエネルギー回収"],
 [4084, "スーパーボール"],
 [19248, 4084],
 [27204, 4084],
 [27227, 4084],
 [27241, 4084],
 [27255, 4084],
 [27318, 4084],
 [27677, 4084],
 [27693, 4084],
 [28015, 4084],
 [28768, 4084],
 [28785, 4084],
 [30183, 4084],
 [30198, 4084],
 [31128, 4084],
 [31144, 4084],
 [33165, 4084],
 [34057, 4084],
 [36485, 4084],
 [36508, 4084],
 [36532, 4084],
 [37492, 4084],
 [37516, 4084],
 [37541, 4084],
 [37564, 4084],
 [37589, 4084],
 [38363, 4084],
 [38470, 4084],
 [1111, "スーパーポケモン回収"],
 [15008, 1111],
 [19041, 1111],
 [25368, 1111],
 [27023, 1111],
 [27711, 1111],
 [30207, 1111],
 [33962, 1111],
 [34058, 1111],
 [34603, 1111],
 [34909, 1111],
 [35209, 1111],
 [39335, "セイボリー"],
 [26176, "セキエイこうげん"],
 [26188, 26176],
 [30728, "センパイとコウハイ"],
 [31988, 30728],
 [32357, 30728],
 [33699, 30728],
 [33827, 30728],
 [34655, 30728],
 [35791, 30728],
 [38616, "ソッドとシルディ"],
 [37862, "ソニア"],
 [37987, 37862],
 [37999, 37862],
 [38050, 37862],
 [33058, "タイマーボール"],
 [33166, 33058],
 [34319, 33058],
 [35138, 33058],
 [28149, "タウンマップ"],
 [31432, 28149],
 [32292, "タケシのガッツ"],
 [35872, 32292],
 [36031, 32292],
 [36213, 32292],
 [36247, 32292],
 [36248, "タケシのトレーニング"],
 [36253, "タケシのニビシティジム"],
 [28151, "タチワキシティジム"],
 [37147, "タッグコール"],
 [36585, "タッグスイッチ"],
 [7023, "タッチ交換！"],
 [38230, "タフネスマント"],
 [38815, 38230],
 [31851, "タブンネソウルリンク"],
 [30549, "ターゲットホイッスル（フレア団ギア）"],
 [33661, 30549],
 [33789, 30549],
 [37865, "ターフスタジアム"],
 [38398, 37865],
 [38824, 37865],
 [39237, 37865],
 [38228, "ターボパッチ"],
 [38806, 38228],
 [39222, 38228],
 [30947, "ダイゴ"],
 [30971, 30947],
 [4091, "ダイゴのアドバイス"],
 [35011, "ダイゴの決断"],
 [35729, 35011],
 [30794, "ダイブボール"],
 [31261, 30794],
 [31455, 30794],
 [33663, 30794],
 [33791, 30794],
 [34640, 30794],
 [39337, "ダイ木の丘"],
 [28292, "ダウジングマシン"],
 [36409, "ダストアイランド"],
 [34125, "ダッシュポーチ"],
 [34059, "ダメージムーバー"],
 [38592, "ダンデ"],
 [38921, 38592],
 [37975, "ダンペイ"],
 [38383, 37975],
 [28613, "ダークトリニティ"],
 [27824, "ダークパッチ"],
 [28342, 27824],
 [37413, 27824],
 [2114, "ダークボール"],
 [30722, "ダートじてんしゃ"],
 [30941, 30722],
 [30965, 30722],
 [33662, 30722],
 [33790, 30722],
 [35003, 30722],
 [36239, 30722],
 [36438, 30722],
 [36965, 30722],
 [37325, 30722],
 [37326, 30722],
 [37753, 30722],
 [25378, "チアガールの声援"],
 [27208, "チェレン"],
 [27230, 27208],
 [27244, 27208],
 [27258, 27208],
 [27266, 27208],
 [27321, 27208],
 [27621, 27208],
 [27639, 27208],
 [27680, 27208],
 [27696, 27208],
 [27971, 27208],
 [27989, 27208],
 [28019, 27208],
 [28037, 27208],
 [28053, 27208],
 [28069, 27208],
 [28355, 27208],
 [28385, 27208],
 [28405, 27208],
 [28668, 27208],
 [28772, 27208],
 [28789, 27208],
 [28908, "チャンピオンズフェスティバル"],
 [30589, 28908],
 [31468, 28908],
 [32318, 28908],
 [34205, 28908],
 [35389, 28908],
 [37179, 28908],
 [7013, "チャンピオンズリーグ"],
 [23249, "チャンピオンズルーム"],
 [31808, "チルタリスソウルリンク"],
 [4085, "ツメの化石"],
 [17145, 4085],
 [32115, "ツメの化石 アノプス"],
 [39194, "ツールジャマー"],
 [27955, "ツールスクラッパー"],
 [28090, 27955],
 [37972, 27955],
 [38365, 27955],
 [38808, 27955],
 [39223, 27955],
 [30458, "ツールストリップ"],
 [30039, "ティエルノ"],
 [30164, 30039],
 [30172, 30039],
 [30173, 30039],
 [30187, 30039],
 [30202, 30039],
 [30228, 30039],
 [30329, 30039],
 [30574, 30039],
 [30634, 30039],
 [30948, 30039],
 [31132, 30039],
 [31148, 30039],
 [31216, 30039],
 [31274, 30039],
 [31462, 30039],
 [31716, 30039],
 [31828, 30039],
 [31853, 30039],
 [32205, 30039],
 [34446, "テンガン山"],
 [35159, 34446],
 [35604, 34446],
 [37368, 34446],
 [25707, "ディフェンダー"],
 [24243, "デパートガール"],
 [25370, "デュアルボール"],
 [25393, 25370],
 [25418, 25370],
 [25437, 25370],
 [25454, 25370],
 [34510, "デンジ"],
 [35149, 34510],
 [35593, 34510],
 [35691, 34510],
 [35931, 34510],
 [36039, 34510],
 [36458, 34510],
 [36623, 34510],
 [37357, 34510],
 [22250, "デンジの哲学"],
 [35447, "デンジャラスドリル"],
 [27602, "デント"],
 [27999, 27602],
 [31047, "デンリュウソウルリンク"],
 [39336, "トウキ"],
 [36035, "トキワの森"],
 [37369, 36035],
 [30925, "トレーナーズポスト"],
 [31967, 30925],
 [33665, 30925],
 [33793, 30925],
 [34641, 30925],
 [37866, "トレーニングコート"],
 [38825, 37866],
 [39238, 37866],
 [30467, "トレーニングセンター"],
 [30654, "トロバ"],
 [32198, 30654],
 [32299, 30654],
 [7014, "トロピカルウインド"],
 [20514, 7014],
 [24351, 7014],
 [26211, "トロピカルタイダルウェーブ"],
 [28636, "トロピカルビーチ"],
 [28907, 28636],
 [36898, "ドラゴンZ ドラゴンクロー"],
 [38588, "ドローンロトム"],
 [36871, "ナイトシティ"],
 [30930, "ナギ"],
 [35810, 30930],
 [37429, 30930],
 [22256, "ナギサシティジム"],
 [34442, "ナタネ"],
 [35150, 34442],
 [35684, 34442],
 [36032, "ナツメの暗示"],
 [36214, 36032],
 [38384, 36032],
 [38632, "ナツメ＆ハチク"],
 [1119, "ナナカマドはかせ"],
 [3127, 1119],
 [24028, 1119],
 [24059, 1119],
 [35230, "ナリヤ・オーキド"],
 [32065, "ニンジャごっこ"],
 [32119, 32065],
 [34656, 32065],
 [37430, 32065],
 [27829, "ネジ山"],
 [33119, "ネストボール"],
 [33167, 33119],
 [33184, 33119],
 [33381, 33119],
 [34320, 33119],
 [34367, 33119],
 [34438, 33119],
 [34516, 33119],
 [34626, 33119],
 [35139, 33119],
 [35921, 33119],
 [36240, 33119],
 [36440, 33119],
 [36592, 33119],
 [36611, 33119],
 [38233, "ネズ"],
 [38491, 38233],
 [38818, 38233],
 [38926, 38233],
 [39230, 38233],
 [35279, "ネットボール"],
 [36706, 35279],
 [37329, 35279],
 [37754, 35279],
 [35594, "ノボリとクダリ"],
 [36044, 35594],
 [36699, "ノーマルZ たいあたり"],
 [27615, "ハイパーボール"],
 [27633, 27615],
 [27967, 27615],
 [27985, 27615],
 [28343, 27615],
 [28379, 27615],
 [28399, 27615],
 [28662, 27615],
 [30323, 27615],
 [30567, 27615],
 [30628, 27615],
 [30942, 27615],
 [31202, 27615],
 [31262, 27615],
 [31705, 27615],
 [31822, 27615],
 [31847, 27615],
 [31968, 27615],
 [33168, 27615],
 [33185, 27615],
 [33274, 27615],
 [33382, 27615],
 [34060, 27615],
 [34183, 27615],
 [34368, 27615],
 [34504, 27615],
 [34517, 27615],
 [34627, 27615],
 [34753, 27615],
 [34853, 27615],
 [35004, 27615],
 [35140, 27615],
 [35210, 27615],
 [35370, 27615],
 [35922, 27615],
 [36024, 27615],
 [36241, 27615],
 [36307, 27615],
 [36400, 27615],
 [36441, 27615],
 [36612, 27615],
 [36858, 27615],
 [33180, "ハウ"],
 [33294, 33180],
 [33387, 33180],
 [34063, 33180],
 [34189, 33180],
 [34374, 33180],
 [34762, 33180],
 [34854, 33180],
 [35013, 33180],
 [35151, 33180],
 [35382, 33180],
 [35932, 33180],
 [36249, 33180],
 [36491, 33180],
 [36513, 33180],
 [36538, 33180],
 [36867, 33180],
 [37190, 33180],
 [32064, "ハガネールソウルリンク"],
 [31548, "ハッサムソウルリンク"],
 [35010, "ハッスルベルト"],
 [36868, "ハプウ"],
 [37188, 36868],
 [37463, 36868],
 [3116, "ハマナのリサーチ"],
 [7022, 3116],
 [33368, "ハラ"],
 [33388, 33368],
 [34071, 33368],
 [35639, 33368],
 [34511, "ハンサム"],
 [34608, 34511],
 [35692, 34511],
 [21267, "ハンサムの捜査"],
 [34505, "ハンサムホイッスル"],
 [30346, "ハンドスコープ"],
 [17151, "ハードマウンテン"],
 [17013, "バクのトレーニング"],
 [17153, 17013],
 [18505, 17013],
 [33683, "バクーダソウルリンク"],
 [33811, 33683],
 [27828, "バッドチームのジムとサブ"],
 [30550, "バトルコンプレッサー（フレア団ギア）"],
 [31969, 30550],
 [33666, 30550],
 [33794, 30550],
 [34643, 30550],
 [37415, 30550],
 [23241, "バトルサーチャー"],
 [30568, 23241],
 [31204, 23241],
 [31264, 23241],
 [31456, 23241],
 [31970, 23241],
 [33200, 23241],
 [33667, 23241],
 [33795, 23241],
 [34527, 23241],
 [34644, 23241],
 [37416, 23241],
 [27664, "バトルシティ"],
 [23251, "バトルタワー"],
 [23266, 23251],
 [4092, "バトルフロンティア"],
 [30466, "バトルレポーター"],
 [35777, 30466],
 [7000, "バトルロードスタジアム"],
 [17012, "バブルコート"],
 [31048, "バンギラスソウルリンク"],
 [28211, "パソコン通信"],
 [37436, 28211],
 [31367, "パラレルシティ"],
 [33711, 31367],
 [33839, 31367],
 [31825, "パワーメモリ"],
 [33679, 31825],
 [33807, 31825],
 [28210, "ヒオウギシティジム"],
 [34841, "ヒガナ"],
 [35712, 34841],
 [36700, "ヒコウZ エアスラッシュ"],
 [28150, "ヒュウ"],
 [28415, 28150],
 [30461, "ヒレの化石"],
 [35385, "ヒートファクトリー プリズムスター"],
 [37370, 35385],
 [27756, "ビクトリーカップ"],
 [27757, 27756],
 [27758, 27756],
 [28082, 27756],
 [28083, 27756],
 [28084, 27756],
 [28651, 27756],
 [28652, 27756],
 [28653, 27756],
 [28293, "ビクトリーピース"],
 [30229, "ビクトリーリング"],
 [30230, 30229],
 [30231, 30229],
 [30366, 30229],
 [30367, 30229],
 [30368, 30229],
 [30660, 30229],
 [30661, 30229],
 [30662, 30229],
 [31083, 30229],
 [31084, 30229],
 [31085, 30229],
 [31572, 30229],
 [31573, 30229],
 [31574, 30229],
 [31576, 30229],
 [31577, 30229],
 [31578, 30229],
 [32145, 30229],
 [32146, 30229],
 [32147, 30229],
 [32354, "ビクトリーリング（金）"],
 [32355, "ビクトリーリング（銀）"],
 [32356, "ビクトリーリング（銅）"],
 [38128, "ビッグパラソル"],
 [33964, "ビッケ"],
 [35152, 33964],
 [35659, 33964],
 [37150, "ビーストナイト"],
 [36301, "ビーストブリンガー"],
 [34604, "ビーストリング"],
 [35575, 34604],
 [36308, 34604],
 [36613, 34604],
 [37330, 34604],
 [37571, "ビート"],
 [37670, 37571],
 [37740, 37571],
 [37782, 37571],
 [37875, 37571],
 [38009, 37571],
 [38386, 37571],
 [38837, 37571],
 [38881, 37571],
 [32287, "ピジョットソウルリンク"],
 [28208, "ピーピーエイド"],
 [31544, "ピーピーマックス"],
 [32129, 31544],
 [33201, 31544],
 [33668, 31544],
 [33796, 31544],
 [34528, 31544],
 [34645, 31544],
 [37417, 31544],
 [30468, "ファイティングスタジアム"],
 [31995, 30468],
 [34178, "ファイトメモリ"],
 [34330, "ファイヤーメモリ"],
 [27854, "ファーストチケット"],
 [33367, "フィールドブロアー"],
 [34321, 33367],
 [34628, 33367],
 [35577, 33367],
 [36037, 33367],
 [36443, 33367],
 [36614, 33367],
 [35014, "フウとラン"],
 [35730, 35014],
 [35897, 35014],
 [36594, 35014],
 [36624, 35014],
 [28209, "フウロ"],
 [28386, 28209],
 [28406, 28209],
 [28669, 28209],
 [31437, 28209],
 [31447, 28209],
 [31466, 28209],
 [33204, 28209],
 [33700, 28209],
 [33828, 28209],
 [34531, 28209],
 [34657, 28209],
 [37863, 28209],
 [38927, 28209],
 [30188, "フェアリーガーデン"],
 [30637, 30188],
 [31221, 30188],
 [31857, 30188],
 [33712, 30188],
 [33840, 30188],
 [37433, 30188],
 [35586, "フェアリーチャーム UB"],
 [36193, "フェアリーチャーム 特性"],
 [36192, "フェアリーチャーム 雷"],
 [35284, "フェアリーチャームドラゴン"],
 [35378, "フェアリーチャーム草"],
 [35282, "フェアリーチャーム超"],
 [35283, "フェアリーチャーム闘"],
 [31848, "フェアリードロップ"],
 [33669, 31848],
 [33797, 31848],
 [32288, "フシギバナソウルリンク"],
 [39127, "フヨウ"],
 [39266, 39127],
 [4095, "フヨウのスタジアム"],
 [30308, "フラダリ"],
 [30331, 30308],
 [30950, 30308],
 [31218, 30308],
 [31276, 30308],
 [31718, 30308],
 [31990, 30308],
 [33206, 30308],
 [33702, 30308],
 [33830, 30308],
 [34533, 30308],
 [35768, 30308],
 [34763, "フラダリ プリズムスター"],
 [30557, "フラダリの奥の手"],
 [35784, 30557],
 [34766, "フラダリラボ"],
 [25715, "フラワーショップのお姉さん"],
 [30104, "フレア団のしたっぱ"],
 [30166, 30104],
 [31719, 30104],
 [31991, 30104],
 [33703, 30104],
 [33831, 30104],
 [35887, 30104],
 [34912, "フレンドボール"],
 [31809, "フーディンソウルリンク"],
 [32006, 31809],
 [33684, 31809],
 [33812, 31809],
 [35451, "ブラックマーケット プリズムスター"],
 [37371, 35451],
 [36704, "ブリザードタウン"],
 [36304, "ブルーの探索"],
 [36421, 36304],
 [37358, 36304],
 [37464, 36304],
 [37759, 36304],
 [31590, "プテラソウルリンク"],
 [1113, "プラスパワー"],
 [2144, 1113],
 [3123, 1113],
 [10524, 1113],
 [15021, 1113],
 [21018, 1113],
 [25473, 1113],
 [25711, 1113],
 [27206, 1113],
 [27438, 1113],
 [28345, 1113],
 [28448, 1113],
 [28466, 1113],
 [37418, 1113],
 [28289, "プラズマフリゲート"],
 [28310, 28289],
 [28430, 28289],
 [28288, "プラズマ団のしたっぱ"],
 [28309, 28288],
 [28429, 28288],
 [31309, 28288],
 [28367, "プラズマ団のモンスターボール"],
 [28611, 28367],
 [28426, "プラズマ団バッジ"],
 [28650, 28426],
 [30103, "プラターヌ博士"],
 [30330, 30103],
 [30347, 30103],
 [30575, 30103],
 [30635, 30103],
 [30949, 30103],
 [31217, 30103],
 [31275, 30103],
 [31463, 30103],
 [31717, 30103],
 [31829, 30103],
 [31854, 30103],
 [31989, 30103],
 [32149, 30103],
 [32204, 30103],
 [33205, 30103],
 [33701, 30103],
 [33829, 30103],
 [34532, 30103],
 [34658, 30103],
 [4096, "プリムのスタジアム"],
 [33913, "プルメリ"],
 [35653, 33913],
 [22252, "プルートの選択"],
 [35388, "プレイヤーズセレモニー"],
 [37194, 35388],
 [38633, 35388],
 [36859, "プレシャスボール"],
 [37156, 36859],
 [37331, 36859],
 [39060, 36859],
 [10127, "プレミアボール"],
 [30307, "プロテクトキューブ"],
 [30365, 30307],
 [30554, "ヘッドノイザー（フレア団ハイパーギア）"],
 [31272, 30554],
 [31982, 30554],
 [31074, "ヘビーブーツ"],
 [27601, "ヘビーボール"],
 [27759, 27601],
 [27857, 27601],
 [28346, 27601],
 [31422, 27601],
 [33670, 27601],
 [33798, 27601],
 [31424, "ヘルガーソウルリンク"],
 [27232, "ベル"],
 [27246, 27232],
 [27260, 27232],
 [27322, 27232],
 [27659, 27232],
 [27681, 27232],
 [27697, 27232],
 [28020, 27232],
 [28356, 27232],
 [28773, 27232],
 [28790, 27232],
 [24239, "ベンチシールド"],
 [31043, "ペンキローラー"],
 [37500, "ホップ"],
 [37524, 37500],
 [37548, 37500],
 [37573, 37500],
 [37598, 37500],
 [37604, 37500],
 [37790, 37500],
 [38011, 37500],
 [38031, 37500],
 [38052, 37500],
 [38389, 37500],
 [38838, 37500],
 [38862, 37500],
 [38883, 37500],
 [38905, 37500],
 [37043, "ホミカ"],
 [37465, 37043],
 [37976, "ボスの指令"],
 [38062, 37976],
 [38821, 37976],
 [38861, 37976],
 [38882, 37976],
 [39232, 37976],
 [30727, "ボスゴドラソウルリンク"],
 [38127, "ボロのパソコン"],
 [32323, "ボーマンダソウルリンク"],
 [38820, "ボールガイ"],
 [38928, 38820],
 [25252, "ポケギア3.0"],
 [36190, 25252],
 [36839, 25252],
 [36860, 25252],
 [37333, 25252],
 [37334, 25252],
 [37493, 25252],
 [37518, 25252],
 [37542, 25252],
 [37565, 25252],
 [37591, 25252],
 [37736, 25252],
 [38024, 25252],
 [38045, 25252],
 [38368, 25252],
 [38858, 25252],
 [38878, 25252],
 [38899, 25252],
 [17144, "ポケトレ"],
 [19249, "ポケドロアー"],
 [34913, "ポケナビ"],
 [19250, "ポケヒーラー"],
 [19251, "ポケブロアー"],
 [1114, "ポケモンいれかえ"],
 [2145, 1114],
 [3124, 1114],
 [10525, 1114],
 [15010, 1114],
 [17023, 1114],
 [19043, 1114],
 [21019, 1114],
 [21039, 1114],
 [21061, 1114],
 [21543, 1114],
 [21566, 1114],
 [21597, 1114],
 [22024, 1114],
 [22056, 1114],
 [23020, 1114],
 [23047, 1114],
 [24026, 1114],
 [24057, 1114],
 [25119, 1114],
 [25559, 1114],
 [27024, 1114],
 [27043, 1114],
 [27062, 1114],
 [27228, 1114],
 [27242, 1114],
 [27256, 1114],
 [27319, 1114],
 [27616, 1114],
 [27634, 1114],
 [27678, 1114],
 [27694, 1114],
 [27712, 1114],
 [27728, 1114],
 [27744, 1114],
 [28016, 1114],
 [28035, 1114],
 [28051, 1114],
 [28067, 1114],
 [28381, 1114],
 [28401, 1114],
 [28484, 1114],
 [28502, 1114],
 [28664, 1114],
 [28769, 1114],
 [28786, 1114],
 [30036, 1114],
 [30168, 1114],
 [30169, 1114],
 [30184, 1114],
 [30199, 1114],
 [30324, 1114],
 [30569, 1114],
 [30629, 1114],
 [30943, 1114],
 [31129, 1114],
 [31145, 1114],
 [31206, 1114],
 [31266, 1114],
 [31457, 1114],
 [31708, 1114],
 [31823, 1114],
 [32202, 1114],
 [32283, 1114],
 [33120, 1114],
 [33170, 1114],
 [33384, 1114],
 [33532, 1114],
 [33547, 1114],
 [34061, 1114],
 [34184, 1114],
 [34370, 1114],
 [34755, 1114],
 [34914, 1114],
 [35006, 1114],
 [35142, 1114],
 [35211, 1114],
 [35372, 1114],
 [35924, 1114],
 [36242, 1114],
 [36445, 1114],
 [36487, 1114],
 [36509, 1114],
 [36533, 1114],
 [36616, 1114],
 [36861, 1114],
 [36957, 1114],
 [37494, 1114],
 [37519, 1114],
 [37543, 1114],
 [37566, 1114],
 [37592, 1114],
 [37737, 1114],
 [38006, 1114],
 [38025, 1114],
 [38046, 1114],
 [38369, 1114],
 [38471, 1114],
 [38859, 1114],
 [38879, 1114],
 [38900, 1114],
 [39226, 1114],
 [36836, "ポケモンけんきゅうじょ"],
 [37498, "ポケモンごっこ"],
 [37523, 37498],
 [37547, 37498],
 [37572, 37498],
 [37596, 37498],
 [37789, 37498],
 [38010, 37498],
 [38030, 37498],
 [38387, 37498],
 [38904, 37498],
 [38929, 37498],
 [30310, "ポケモンだいすきクラブ"],
 [31219, 30310],
 [31277, 30310],
 [31721, 30310],
 [31855, 30310],
 [34443, 30310],
 [35460, 30310],
 [35685, 30310],
 [35770, 30310],
 [36405, 30310],
 [36641, 30310],
 [28887, "ポケモンエンタープライズ"],
 [28888, 28887],
 [28889, 28887],
 [30587, "ポケモンカードジムメダル"],
 [27207, "ポケモンキャッチャー"],
 [27229, 27207],
 [27243, 27207],
 [27257, 27207],
 [27320, 27207],
 [27617, 27207],
 [27635, 27207],
 [27679, 27207],
 [27695, 27207],
 [28347, 27207],
 [28382, 27207],
 [28402, 27207],
 [28475, 27207],
 [28493, 27207],
 [28665, 27207],
 [28770, 27207],
 [28787, 27207],
 [30037, 27207],
 [30185, 27207],
 [30200, 27207],
 [30570, 27207],
 [30630, 27207],
 [31130, 27207],
 [31146, 27207],
 [31207, 27207],
 [31267, 27207],
 [31458, 27207],
 [31709, 27207],
 [31824, 27207],
 [31849, 27207],
 [32203, 27207],
 [33171, 27207],
 [33385, 27207],
 [33548, 27207],
 [34062, 27207],
 [34185, 27207],
 [34371, 27207],
 [34439, 27207],
 [34756, 27207],
 [35007, 27207],
 [35143, 27207],
 [35212, 27207],
 [35373, 27207],
 [36243, 27207],
 [36488, 27207],
 [36510, 27207],
 [36534, 27207],
 [37495, 27207],
 [37520, 27207],
 [37544, 27207],
 [37567, 27207],
 [37593, 27207],
 [37738, 27207],
 [38026, 27207],
 [38047, 27207],
 [38370, 27207],
 [38472, 27207],
 [38901, 27207],
 [25260, "ポケモンコレクター"],
 [25530, 25260],
 [25569, 25260],
 [22258, "ポケモンコンテスト会場"],
 [25397, "ポケモンサーキュレーター"],
 [27603, "ポケモンセンター"],
 [28637, 27603],
 [30309, "ポケモンセンターのお姉さん"],
 [31720, 30309],
 [35769, 30309],
 [36250, 30309],
 [36514, 30309],
 [37499, 30309],
 [37597, 30309],
 [38247, 30309],
 [38388, 30309],
 [7015, "ポケモンパルシティ"],
 [7016, 7015],
 [7017, 7015],
 [7018, 7015],
 [7019, 7015],
 [7020, 7015],
 [7021, 7015],
 [34064, "ポケモンブリーダー"],
 [35153, 34064],
 [35664, 34064],
 [38130, "ポケモンブリーダーの育成"],
 [38246, 38130],
 [25121, "ポケモンリバース"],
 [25475, 25121],
 [25524, 25121],
 [21041, "ポケモンレスキュー"],
 [24228, 21041],
 [32066, "ポケモンレンジャー"],
 [32120, 32066],
 [33704, 32066],
 [33832, 32066],
 [34659, 32066],
 [35853, 32066],
 [35857, 32066],
 [28744, "ポケモン回収サイクロン"],
 [37437, 28744],
 [27025, "ポケモン図鑑"],
 [27044, 27025],
 [27063, 27025],
 [27276, 27025],
 [27713, 27025],
 [27729, 27025],
 [27745, 27025],
 [32284, 27025],
 [1115, "ポケモン図鑑HANDY910is"],
 [2142, 1115],
 [15040, 1115],
 [21020, 1115],
 [21040, 1115],
 [21062, 1115],
 [23021, 1115],
 [23048, 1115],
 [25254, "ポケモン通信"],
 [27150, 25254],
 [36026, 25254],
 [36635, 25254],
 [36958, 25254],
 [37158, 25254],
 [37196, 25254],
 [37335, 25254],
 [37336, 25254],
 [37755, 25254],
 [39227, 25254],
 [38478, "ポプラ"],
 [38607, 38478],
 [33965, "ポータウン"],
 [19254, "マイのおねがい"],
 [30469, "マウンテンリング"],
 [33465, "マオ"],
 [34335, 33465],
 [35029, 33465],
 [35634, 33465],
 [37153, "マオ&スイレン"],
 [37389, 37153],
 [38137, 37153],
 [34609, "マキシ"],
 [35698, 34609],
 [35933, 34609],
 [30841, "マグマポインター"],
 [30845, "マグマ団のしたっぱ"],
 [30970, 30845],
 [30839, "マグマ団のスーパーボール"],
 [30844, "マグマ団の幹部"],
 [30847, "マグマ団の秘密基地"],
 [28441, "マコモのお手伝い"],
 [28450, 28441],
 [28477, 28441],
 [28504, 28441],
 [25129, "マサキ"],
 [25532, 25129],
 [25571, 25129],
 [34919, "マサキのメンテナンス"],
 [35722, 34919],
 [35934, "マサキの解析"],
 [36033, 35934],
 [38390, 35934],
 [26178, "マスターのカギ"],
 [26083, "マスターの書"],
 [39128, "マスタード いちげきのかた"],
 [39267, 39128],
 [39197, "マスタード れんげきのかた"],
 [39256, 39197],
 [4088, "マスターボール"],
 [28670, 4088],
 [36196, "マチスの作戦"],
 [38391, 36196],
 [35285, "マツバ"],
 [35742, 35285],
 [37359, 35285],
 [30729, "マツブサの隠し玉"],
 [35792, 30729],
 [35286, "マツリカ"],
 [35743, 35286],
 [37360, 35286],
 [37466, 35286],
 [15012, "ママのきづかい"],
 [19021, 15012],
 [19045, 15012],
 [21568, 15012],
 [21599, 15012],
 [24030, 15012],
 [24061, 15012],
 [37501, "マリィ"],
 [37525, 37501],
 [37549, 37501],
 [37574, 37501],
 [37599, 37501],
 [37729, 37501],
 [37741, 37501],
 [37883, 37501],
 [38134, 37501],
 [38392, 37501],
 [38479, 37501],
 [38822, 37501],
 [38839, 37501],
 [38863, 37501],
 [38884, 37501],
 [38906, 37501],
 [38930, 37501],
 [39233, 37501],
 [33276, "マルチつけかえ"],
 [34323, 33276],
 [34444, "マーズ"],
 [35686, 34444],
 [33389, "マーマネ"],
 [33515, 33389],
 [34065, 33389],
 [34375, 33389],
 [34512, 33389],
 [34855, 33389],
 [35154, 33389],
 [35647, 33389],
 [36625, 33389],
 [36305, "マーレイン"],
 [36422, 36305],
 [35450, "ミカン"],
 [35757, 35450],
 [7008, "ミステリアス・パール"],
 [34757, "ミステリートレジャー"],
 [35579, 34757],
 [36618, 34757],
 [36840, 34757],
 [36863, 34757],
 [37338, 34757],
 [37339, 34757],
 [2118, "ミズキの検索"],
 [3145, 2118],
 [7006, 2118],
 [22254, 2118],
 [24245, 2118],
 [24272, "ミチーナしんでん"],
 [35213, "ミックスハーブ"],
 [34440, "ミッシングクローバー"],
 [39202, "ミツバ"],
 [30931, "ミツル"],
 [31632, 30931],
 [34660, 30931],
 [35811, 30931],
 [31856, "ミニスカートのおすすめ"],
 [32344, 31856],
 [31365, "ミュウツーソウルリンク"],
 [31425, 31365],
 [31979, 31365],
 [33685, 31365],
 [33813, 31365],
 [7009, "ミラクル・ダイヤモンド"],
 [33911, "ムキムキダンベル"],
 [34214, 33911],
 [35587, 33911],
 [36027, "ムキムキパッド"],
 [36703, "ムサシとコジロウ"],
 [36880, 36703],
 [37044, "メイ"],
 [37177, 37044],
 [38393, 37044],
 [31802, "メガキャッチャー"],
 [30926, "メガターボ"],
 [30944, 30926],
 [31082, 30926],
 [33672, 30926],
 [33800, 30926],
 [36302, "メタルコアバリア"],
 [37346, 36302],
 [35448, "メタルゴーグル"],
 [37724, "メタルソーサー"],
 [37788, 37724],
 [38371, 37724],
 [38811, 37724],
 [39228, 37724],
 [38590, "メモリーカプセル"],
 [30459, "メンテナンス"],
 [31710, 30459],
 [32285, 30459],
 [25262, "モノマネむすめ"],
 [25282, 25262],
 [34920, 25262],
 [35595, 25262],
 [35723, 25262],
 [39198, "モミ"],
 [39346, 39198],
 [1116, "モンスターボール"],
 [10526, 1116],
 [15011, 1116],
 [17010, 1116],
 [19019, 1116],
 [19044, 1116],
 [21021, 1116],
 [21042, 1116],
 [21063, 1116],
 [21521, 1116],
 [21544, 1116],
 [21567, 1116],
 [21598, 1116],
 [22025, 1116],
 [22057, 1116],
 [23022, 1116],
 [23049, 1116],
 [24027, 1116],
 [24058, 1116],
 [25123, 1116],
 [25422, 1116],
 [25439, 1116],
 [25456, 1116],
 [25477, 1116],
 [27026, 1116],
 [27045, 1116],
 [27064, 1116],
 [27714, 1116],
 [27730, 1116],
 [27746, 1116],
 [28036, 1116],
 [28052, 1116],
 [28068, 1116],
 [28440, 1116],
 [28449, 1116],
 [28458, 1116],
 [28467, 1116],
 [28476, 1116],
 [28485, 1116],
 [28494, 1116],
 [28503, 1116],
 [30038, 1116],
 [30170, 1116],
 [30171, 1116],
 [31711, 1116],
 [33173, 1116],
 [33533, 1116],
 [33549, 1116],
 [37774, 1116],
 [38007, 1116],
 [38473, "モーモーチーズ"],
 [25256, "モーモーミルク"],
 [25561, 25256],
 [35374, 25256],
 [36636, 25256],
 [32315, "ヤドランソウルリンク"],
 [37864, "ヤロー"],
 [37988, 37864],
 [38032, 37864],
 [38256, 37864],
 [38885, 37864],
 [38907, 37864],
 [39234, 37864],
 [37045, "ヤーコン"],
 [37467, 37045],
 [34764, "ユリーカ"],
 [35706, 34764],
 [36742, "ヨシダ警部補"],
 [33516, "ライチ"],
 [33854, 33516],
 [1120, "ライバル"],
 [3128, 1120],
 [35287, "ライフフォレスト プリズムスター"],
 [37372, 35287],
 [27421, "ライブキャスター"],
 [30552, "ライボルトソウルリンク"],
 [31271, 30552],
 [31980, 30552],
 [33686, 30552],
 [33814, 30552],
 [35598, "ラジュルネ"],
 [36047, 35598],
 [31045, "ラッキーメット"],
 [30929, "ラティオスソウルリンク"],
 [33914, "ラナキラマウンテン"],
 [35600, "ラニュイ"],
 [36049, 35600],
 [37668, "ラムのみ"],
 [27618, "ランダムレシーバー"],
 [27636, 27618],
 [28349, 27618],
 [28383, 27618],
 [28403, 27618],
 [28666, 27618],
 [31850, 27618],
 [27152, "リサイクル"],
 [32289, "リザードンソウルリンク"],
 [31444, "リザーブチケット"],
 [36586, "リセットスタンプ"],
 [37340, 36586],
 [37341, 36586],
 [38027, 36586],
 [38048, 36586],
 [38372, 36586],
 [38902, 36586],
 [35027, "リターンラベル"],
 [28741, "リバーサルトリガー"],
 [31551, "リバースバレー"],
 [33713, 31551],
 [33841, 31551],
 [30724, "リピートボール"],
 [22062, "リョウの採集"],
 [38593, "リーグスタッフ"],
 [33123, "リーリエ"],
 [33181, 33123],
 [33188, 33123],
 [33390, 33123],
 [34066, 33123],
 [34069, 33123],
 [34336, 33123],
 [34355, 33123],
 [34376, 33123],
 [34445, 33123],
 [34522, 33123],
 [34635, 33123],
 [34765, 33123],
 [35015, 33123],
 [35155, 33123],
 [35383, 33123],
 [35622, 33123],
 [35679, 33123],
 [35935, 33123],
 [36251, 33123],
 [36459, 33123],
 [36626, 33123],
 [36708, 33123],
 [36869, 33123],
 [37193, 33123],
 [37040, "リーリエのピッピ人形"],
 [37046, "リーリエの全力"],
 [37178, 37046],
 [34915, "ルアーボール"],
 [33687, "ルカリオソウルリンク"],
 [33815, 33687],
 [34126, "ルザミーネ"],
 [34337, 34126],
 [35596, 34126],
 [35674, 34126],
 [35680, 34126],
 [36709, 34126],
 [35384, "ルザミーネ プリズムスター"],
 [35599, "ルスワール"],
 [36048, 35599],
 [35016, "ルチア"],
 [35731, 35016],
 [37362, 35016],
 [35597, "ルミタン"],
 [36046, 35597],
 [38131, "ルミナスメイズの森"],
 [38826, 38131],
 [38594, "ルリナ"],
 [38864, 38594],
 [38922, 38594],
 [35008, "レインボーブラシ"],
 [25713, "レジェンドボックス"],
 [25729, 25713],
 [27906, "レスキュースカーフ"],
 [27969, 27906],
 [33464, "レスキュータンカ"],
 [34325, 33464],
 [34372, 33464],
 [34507, 33464],
 [34630, 33464],
 [35580, 33464],
 [36412, 33464],
 [36446, 33464],
 [36619, 33464],
 [30945, "レックウザソウルリンク"],
 [30973, 30945],
 [31981, 30945],
 [33688, 30945],
 [33816, 30945],
 [37424, 30945],
 [37154, "レッド&グリーン"],
 [37390, 37154],
 [36407, "レッドの挑戦"],
 [36655, 36407],
 [36870, 36407],
 [36989, 36407],
 [37363, 36407],
 [37469, 36407],
 [37761, 36407],
 [38395, 36407],
 [30161, "レッドカード"],
 [30325, 30161],
 [30571, 30161],
 [30631, 30161],
 [31712, 30161],
 [31973, 30161],
 [32200, 30161],
 [21256, "レベルMAX"],
 [27549, "レベルボール"],
 [27760, 27549],
 [28350, 27549],
 [31044, 27549],
 [31435, 27549],
 [31445, 27549],
 [33673, 27549],
 [33801, 27549],
 [37419, 27549],
 [39193, 27549],
 [34073, "ロイヤルマスク"],
 [34074, 34073],
 [33550, "ロケット団のいやがらせ"],
 [31811, "ロケット団の工作"],
 [35849, 31811],
 [25534, "ロケット団の手口"],
 [25719, 25534],
 [32296, "ロケット団参上!"],
 [32337, 32296],
 [35375, "ロストミキサー"],
 [37342, 35375],
 [26073, "ロストリムーバー"],
 [26087, 26073],
 [26077, "ロストワールド"],
 [28563, "ロックガード"],
 [37568, "ロトムじてんしゃ"],
 [37665, 37568],
 [38373, 37568],
 [38812, 37568],
 [33060, "ロトム図鑑"],
 [33174, 33060],
 [33290, 33060],
 [34326, 33060],
 [34356, 33060],
 [36593, 33060],
 [33910, "ロトム図鑑 ポケファインダーモード"],
 [38234, "ローズ"],
 [38492, 38234],
 [38617, 38234],
 [38823, 38234],
 [38931, 38234],
 [38236, "ローズタワー"],
 [38827, 38236],
 [36962, "ローラースケーター"],
 [37055, 36962],
 [38396, 36962],
 [30101, "ローラースケート"],
 [30326, 30101],
 [30572, 30101],
 [30632, 30101],
 [17147, "ワザマシン　TS-1"],
 [17148, "ワザマシン　TS-2"],
 [34842, "ワタル プリズムスター"],
 [35605, "ワンダーラビリンス プリズムスター"],
 [37373, 35605],
 [23579, "ワンダー・プラチナ"],
 [1118, "ワープポイント"],
 [2143, 1118],
 [10527, 1118],
 [15041, 1118],
 [17011, 1118],
 [19020, 1118],
 [34843, "ヴェラ火山公園"],
 [35602, 34843],
 [28562, "凍てついた街"],
 [7001, "勝利のメダル"],
 [7012, 7001],
 [23576, 7001],
 [24262, 7001],
 [24280, 7001],
 [25296, 7001],
 [25329, 7001],
 [25331, 7001],
 [25333, 7001],
 [25337, 7001],
 [25339, 7001],
 [25341, 7001],
 [33404, "勝利の勲章"],
 [33405, 33404],
 [33467, 33404],
 [33855, 33404],
 [33856, 33404],
 [33857, 33404],
 [33975, 33404],
 [33976, 33404],
 [33977, 33404],
 [33978, 33404],
 [33979, 33404],
 [33980, 33404],
 [33981, 33404],
 [33982, 33404],
 [33983, 33404],
 [34209, 33404],
 [34210, 33404],
 [34211, 33404],
 [34535, 33404],
 [34536, 33404],
 [34537, 33404],
 [34846, 33404],
 [34847, 33404],
 [34848, 33404],
 [37794, "勝利の証"],
 [37795, 37794],
 [37796, 37794],
 [31800, "化石採掘キット"],
 [34751, "化石発掘マップ"],
 [2116, "化石発掘員"],
 [30464, "化石研究員"],
 [35775, 30464],
 [37497, "博士の研究"],
 [37522, 37497],
 [37546, 37497],
 [37570, 37497],
 [37595, 37497],
 [37669, 37497],
 [37739, 37497],
 [37874, 37497],
 [38029, 37497],
 [38051, 37497],
 [38385, 37497],
 [38634, 37497],
 [38819, 37497],
 [38860, 37497],
 [38880, 37497],
 [38903, 37497],
 [39231, 37497],
 [34328, "古代のクリスタル"],
 [34128, "喰いつくされた原野"],
 [34844, 34128],
 [35157, 34128],
 [37970, "回収ネット"],
 [38802, 37970],
 [22248, "地底探険隊"],
 [34916, 22248],
 [35719, 22248],
 [1117, "夜のポケモンセンター"],
 [2115, "夜のメンテナンス"],
 [3126, 2115],
 [23242, "夜の転送装置"],
 [10132, "夜明けのスタジアム"],
 [37496, "大きなおまもり"],
 [37666, 37496],
 [38374, 37496],
 [27956, "大きなマント"],
 [27987, 27956],
 [28771, 27956],
 [38125, "妖しいカンヅメ"],
 [27550, "学習装置"],
 [27855, 27550],
 [30795, 27550],
 [33061, 27550],
 [33175, 27550],
 [39125, 27550],
 [36590, "巨大なカマド"],
 [37366, 36590],
 [31052, "巨大植物の森"],
 [31992, 31052],
 [33208, 31052],
 [33706, 31052],
 [33834, 31052],
 [34662, 31052],
 [19047, "帯電鉱脈"],
 [21261, "思い出のみ"],
 [27827, "悪のツメ"],
 [35017, "戒めの祠"],
 [35601, 35017],
 [37364, 35017],
 [26075, "探究者"],
 [27823, "改造ハンマー"],
 [28080, 27823],
 [30362, 27823],
 [31966, 27823],
 [33273, 27823],
 [34318, 27823],
 [34602, 27823],
 [36198, 27823],
 [33280, "日輪の祭壇"],
 [34341, 33280],
 [31543, "時のパズル"],
 [33664, 31543],
 [33792, 31543],
 [37414, 31543],
 [7007, "時空のゆがみ"],
 [23525, 7007],
 [23550, 7007],
 [23575, 7007],
 [10131, "月光のスタジアム"],
 [33279, "月輪の祭壇"],
 [34339, 33279],
 [34524, 33279],
 [35156, 33279],
 [38589, "望遠スコープ"],
 [36408, "格闘道場"],
 [37365, 36408],
 [37762, 36408],
 [38397, 36408],
 [39236, 36408],
 [30558, "次元の谷"],
 [31993, 30558],
 [33708, 30558],
 [33836, 30558],
 [34663, 30558],
 [37431, 30558],
 [32063, "欲張りダイス"],
 [32117, 32063],
 [30588, "殿堂の書"],
 [34382, 30588],
 [28213, "殿堂ベルト"],
 [39122, "活力の壺"],
 [31598, "活力剤"],
 [34637, 31598],
 [37155, "混沌のうねり"],
 [2119, "湖の結界"],
 [36406, "溶接工"],
 [36654, 36406],
 [36968, 36406],
 [37361, 36406],
 [37468, 36406],
 [37760, 36406],
 [38394, 36406],
 [39235, 36406],
 [34837, "火打石"],
 [35576, 34837],
 [35923, 34837],
 [36411, 34837],
 [36442, 34837],
 [30731, "灼熱の大地"],
 [31220, 30731],
 [31830, 30731],
 [33709, 30731],
 [33837, 30731],
 [30306, "炎のトーチ"],
 [30354, 30306],
 [36402, "炎の結晶"],
 [37337, 36402],
 [31545, "炸裂バルーン"],
 [33676, 31545],
 [33804, 31545],
 [34647, 31545],
 [36306, "無人発電所"],
 [25723, "焼けた塔"],
 [25731, 25723],
 [37861, "燃えるスカーフ"],
 [38378, 37861],
 [19023, "瘴気の谷"],
 [28740, "白銀の鏡"],
 [26071, "研究の記録"],
 [21271, "破れた時空"],
 [30311, "磁気嵐"],
 [34838, "竜の鉤爪"],
 [31051, "色の消えた町"],
 [38474, "英雄のメダル"],
 [34127, "虚ろの海"],
 [30730, "記憶のほこら"],
 [30462, "輝くガウン"],
 [27905, "退化スプレー"],
 [28643, 27905],
 [31801, 27905],
 [32281, 27905],
 [36300, "退化スプレーZ"],
 [37998, "逆境グローブ"],
 [25258, "釣り人"],
 [31436, 25258],
 [35012, 25258],
 [36043, 25258],
 [34605, "鋼鉄のフライパン"],
 [35584, 34605],
 [36309, 34605],
 [37756, 34605],
 [30327, "鍛冶屋"],
 [30369, 30327],
 [31213, 30327],
 [33693, 30327],
 [33821, 30327],
 [35883, 30327],
 [37427, 30327],
 [31546, "闘魂のまわし"],
 [32144, 31546],
 [33202, 31546],
 [33678, 31546],
 [33806, 31546],
 [34529, 31546],
 [34648, 31546],
 [37422, 31546],
 [36191, "隠密フード"],
 [36188, "電磁レーダー"],
 [37327, 36188],
 [37328, 36188],
 [32012, "魅惑のポフレ"]]
