[[47072, "Nのギアル"],
 [47073, "Nのギギアル"],
 [47074, "Nのギギギアル"],
 [47048, "Nのシンボラー"],
 [48651, "Nのゼクロム"],
 [49970, 48651],
 [47068, "Nのゾロア"],
 [47165, 47068],
 [47228, 47068],
 [48633, 47068],
 [49185, 47068],
 [47069, "Nのゾロアークex"],
 [47237, 47069],
 [47247, 47069],
 [47251, 47069],
 [48634, 47069],
 [49186, "Nのゾロアークex"],
 [50002, 49186],
 [47023, "Nのダルマッカ"],
 [48549, 47023],
 [48834, 47023],
 [47067, "Nのチョロネコ"],
 [49173, 47067],
 [48561, "Nのバイバニラ"],
 [47036, "Nのバチュル"],
 [48559, "Nのバニプッチ"],
 [48560, "Nのバニリッチ"],
 [47024, "Nのヒヒダルマ"],
 [48550, 47024],
 [48835, 47024],
 [47082, "Nのレシラム"],
 [47229, 47082],
 [48650, 47082],
 [49261, 47082],
 [47690, "アイアント"],
 [48061, 47690],
 [44354, "アイアント"],
 [46465, "アイアント"],
 [48767, 46465],
 [49587, 46465],
 [46343, "アイアントex"],
 [46642, 46343],
 [46653, 46343],
 [48768, 46343],
 [49472, 46343],
 [43271, "アオガラス"],
 [49325, "アオキのウォーグル"],
 [49335, "アオキのネッコアラ"],
 [49293, "アオキのノココッチex"],
 [49292, "アオキのノコッチ"],
 [49307, "アオキのムクバード"],
 [49308, "アオキのムクホーク"],
 [50024, 49308],
 [49306, "アオキのムックル"],
 [49324, "アオキのワシボン"],
 [47017, "アギルダー"],
 [47631, "アギルダー"],
 [48006, 47631],
 [46390, "アグノム"],
 [49032, 46390],
 [48528, "アゲハント"],
 [49954, 48528],
 [45946, "アゴジムシ"],
 [48773, 45946],
 [45227, "アゴジムシ"],
 [42584, "アサナン"],
 [45491, "アサナン"],
 [45254, "アサナン"],
 [49084, 45254],
 [49528, 45254],
 [47446, "アサナン"],
 [45992, "アサナン"],
 [46159, 45992],
 [48606, "アサナン"],
 [43440, "アズマオウ"],
 [46690, "アズマオウ"],
 [45718, "アズマオウ"],
 [44190, "アチゲータ"],
 [44208, 44190],
 [42731, "アチゲータ"],
 [42751, 42731],
 [46358, "アチゲータ"],
 [48859, 46358],
 [42984, "アチゲータ"],
 [43284, 42984],
 [44554, 42984],
 [45002, 42984],
 [46468, "アチャモ"],
 [47411, "アチャモ"],
 [46275, "アップリュー"],
 [46320, 46275],
 [43217, "アノクサ"],
 [43218, "アノクサ"],
 [43665, 43218],
 [45229, "アノクサ"],
 [46672, 45229],
 [48788, 45229],
 [48380, "アノクサ"],
 [43219, "アノホラグサ"],
 [45230, "アノホラグサ"],
 [46673, 45230],
 [48789, 45230],
 [48381, "アノホラグサ"],
 [45962, "アバゴーラ"],
 [47562, "アバゴーラ"],
 [47935, 47562],
 [44108, "アブソル"],
 [48268, "アブソル"],
 [45905, "アブソル"],
 [49170, 45905],
 [43915, "アブソルex"],
 [44152, 43915],
 [45251, "アブリボン"],
 [45250, "アブリー"],
 [45550, 45250],
 [43214, "アマカジ"],
 [44252, "アマカジ"],
 [44253, "アママイコ"],
 [43215, "アママイコ"],
 [49655, "アマルス"],
 [49656, "アマルルガ"],
 [43216, "アマージョ"],
 [44266, "アマージョex"],
 [44433, 44266],
 [44313, "アメタマ"],
 [43208, "アメタマ"],
 [44314, "アメモース"],
 [43209, "アメモース"],
 [45762, "アラブルタケ"],
 [49203, 45762],
 [44299, "アラブルタケ"],
 [44430, 44299],
 [46760, 44299],
 [49635, "アリアドス"],
 [45581, "アリアドス"],
 [48883, "アリゲイツ"],
 [49500, 48883],
 [45160, "アリゲイツ"],
 [46694, 45160],
 [48882, 45160],
 [43228, "アルクジラ"],
 [47424, "アルクジラ"],
 [46245, "アルクジラ"],
 [48933, 46245],
 [42648, "アルクジラ"],
 [43734, 42648],
 [42647, "アルクジラ"],
 [43227, "アルクジラ"],
 [46493, "アローラ イシツブテ"],
 [48944, 46493],
 [46501, "アローラ ガラガラ"],
 [46495, "アローラ ゴローニャ"],
 [48946, 46495],
 [46494, "アローラ ゴローン"],
 [48945, 46494],
 [46417, "アローラ ダグトリオ"],
 [46639, 46417],
 [46416, "アローラ ディグダ"],
 [46269, "アローラ ナッシーex"],
 [46310, 46269],
 [46327, 46269],
 [46335, 46269],
 [46338, 46269],
 [49253, 46269],
 [47670, "アーケオス"],
 [48042, 47670],
 [49109, 47670],
 [47669, "アーケン"],
 [48041, 47669],
 [49108, 47669],
 [45189, "アーボ"],
 [49146, 45189],
 [43344, "アーボ"],
 [45190, "アーボック"],
 [45522, 45190],
 [49147, 45190],
 [43345, "アーボックex"],
 [43972, 43345],
 [43259, "アーマーガア"],
 [45755, "イイネイヌ"],
 [45852, 45755],
 [46751, 45755],
 [49142, 45755],
 [48620, "イイネイヌ"],
 [45911, "イイネイヌex"],
 [46056, 45911],
 [46064, 45911],
 [46763, 45911],
 [49204, 45911],
 [46398, "イエッサン"],
 [42687, "イエッサン"],
 [46574, 42687],
 [44317, "イオルブ"],
 [46577, "イキリンコ"],
 [49342, 46577],
 [49565, 46577],
 [47479, "イキリンコ"],
 [42691, "イキリンコ"],
 [43809, 42691],
 [44006, 42691],
 [43272, "イキリンコex"],
 [43682, 43272],
 [43687, 43272],
 [44677, 43272],
 [45123, 43272],
 [46083, 43272],
 [47184, 43272],
 [47869, 43272],
 [44250, "イシズマイ"],
 [47590, "イシズマイ"],
 [47959, 47590],
 [47302, "イシズマイ"],
 [48535, 47302],
 [48761, 47302],
 [43395, "イシツブテ"],
 [47766, "イシヘンジン"],
 [49130, 47766],
 [42712, "イシヘンジン"],
 [45298, "イダイナキバ"],
 [49138, 45298],
 [45188, "イダイナキバ"],
 [46747, 45188],
 [42595, "イダイナキバex"],
 [43053, 42595],
 [43062, 42595],
 [44635, "イダイナキバex"],
 [45116, 44635],
 [43200, "イッカネズミ"],
 [43649, 43200],
 [42690, "イッカネズミ"],
 [43808, 42690],
 [44676, 42690],
 [45104, 42690],
 [46432, "イッカネズミ"],
 [44369, "イッカネズミex"],
 [44463, 44369],
 [49634, "イトマル"],
 [45580, "イトマル"],
 [47053, "イノムー"],
 [49079, 47053],
 [48364, "イノムー"],
 [47773, "イベルタル"],
 [49197, 47773],
 [45910, "イベルタル"],
 [49196, 45910],
 [44111, "イベルタル"],
 [44387, 44111],
 [49685, "イベルタルex"],
 [45726, "イルカマン"],
 [46706, 45726],
 [48931, 45726],
 [43873, "イルカマン"],
 [44137, 43873],
 [44570, 43873],
 [45015, 43873],
 [45125, 43873],
 [45169, "イルカマン"],
 [45727, "イルカマンex"],
 [45858, 45727],
 [46707, 45727],
 [47128, 45727],
 [48932, 45727],
 [45696, "イルミーゼ"],
 [44251, "イワパレス"],
 [44420, 44251],
 [47591, "イワパレス"],
 [47960, 47591],
 [47303, "イワパレス"],
 [47368, 47303],
 [48536, 47303],
 [48762, 47303],
 [43903, "イワンコ"],
 [43014, "イワンコ"],
 [45296, "イワンコ"],
 [49118, 45296],
 [47059, "イワンコ"],
 [47755, "イワーク"],
 [43416, "イワーク"],
 [44351, "イワーク"],
 [47819, "インテレオン"],
 [48455, 47819],
 [43691, "イーブイ"],
 [45626, "イーブイ"],
 [45673, 45626],
 [46214, "イーブイ"],
 [46786, 46214],
 [49281, 46214],
 [50023, 46214],
 [45477, "イーブイ"],
 [42964, "イーブイ"],
 [42965, 42964],
 [44246, 42964],
 [46547, "イーブイ"],
 [49280, 46547],
 [49552, 46547],
 [43933, "イーブイ"],
 [45925, "イーブイ"],
 [46229, 45925],
 [49610, 45925],
 [43454, "イーブイ"],
 [46787, "イーブイex"],
 [47144, 46787],
 [47145, 46787],
 [49282, 46787],
 [47810, "イーユイ"],
 [44262, "イーユイ"],
 [46686, 44262],
 [45594, "イーユイ"],
 [43152, "イーユイex"],
 [43653, 43152],
 [43660, 43152],
 [44558, 43152],
 [45142, 43152],
 [42816, "ウインディ"],
 [47407, "ウインディ"],
 [43380, "ウインディ"],
 [42640, "ウインディex"],
 [43079, 42640],
 [42755, "ウェルカモ"],
 [42777, 42755],
 [46243, "ウェルカモ"],
 [48928, 46243],
 [49507, 46243],
 [42994, "ウェルカモ"],
 [43287, 42994],
 [44565, 42994],
 [45011, 42994],
 [46244, "ウェーニバル"],
 [48929, 46244],
 [49508, 46244],
 [42756, "ウェーニバル"],
 [42778, 42756],
 [42995, "ウェーニバルex"],
 [43293, 42995],
 [43303, 42995],
 [44566, 42995],
 [44953, 42995],
 [45111, 42995],
 [47421, "ウォッシュロトム"],
 [46279, "ウォーグル"],
 [46322, 46279],
 [47699, "ウォーグル"],
 [48069, 47699],
 [49323, 47699],
 [46238, "ウガツホムラ"],
 [48866, 46238],
 [45158, "ウガツホムラex"],
 [45528, 45158],
 [45536, 45158],
 [45541, 45158],
 [46688, 45158],
 [48867, 45158],
 [43248, "ウソッキー"],
 [43673, 43248],
 [43760, 43248],
 [43900, "ウソハチ"],
 [46573, "ウッウ"],
 [45601, "ウッウ"],
 [45667, 45601],
 [48926, 45601],
 [43391, "ウツドン"],
 [43392, "ウツボット"],
 [42645, "ウデッポウ"],
 [43070, 42645],
 [47815, "ウデッポウ"],
 [45602, "ウネルミナモ"],
 [48937, 45602],
 [45170, "ウネルミナモex"],
 [45529, 45170],
 [45537, 45170],
 [45542, 45170],
 [46710, 45170],
 [47156, 45170],
 [48938, 45170],
 [45395, "ウパー"],
 [42564, "ウミディグダ"],
 [43041, 42564],
 [44567, 42564],
 [45012, 42564],
 [44269, "ウミディグダ"],
 [42565, "ウミディグダ"],
 [44270, "ウミディグダ"],
 [45167, "ウミディグダ"],
 [46703, 45167],
 [43732, "ウミディグダ"],
 [43733, "ウミトリオ"],
 [42566, "ウミトリオ"],
 [44568, 42566],
 [45013, 42566],
 [45124, 42566],
 [44271, "ウミトリオ"],
 [46704, 44271],
 [45171, "ウミトリオex"],
 [45530, 45171],
 [47052, "ウリムー"],
 [47226, 47052],
 [49078, 47052],
 [48363, "ウリムー"],
 [47555, "ウルガモス"],
 [47928, 47555],
 [48840, 47555],
 [46475, "ウルガモス"],
 [48839, 46475],
 [42978, "ウルガモス"],
 [43721, 42978],
 [46354, "ウルガモス"],
 [48838, 46354],
 [46025, "ウールー"],
 [47467, "エアームド"],
 [46263, "エアームド"],
 [46319, 46263],
 [49209, 46263],
 [43783, "エアームド"],
 [45763, "エアームド"],
 [44363, "エイパム"],
 [44454, 44363],
 [45777, "エイパム"],
 [48406, "エイパム"],
 [45420, "エクスレッグ"],
 [44298, "エクスレッグ"],
 [46533, "エクスレッグ"],
 [48350, "エクスレッグ"],
 [42975, "エクスレッグ"],
 [44364, "エテボース"],
 [48407, "エテボース"],
 [48498, 48407],
 [45778, "エテボース"],
 [45272, "エネコ"],
 [49300, 45272],
 [49301, "エネコ"],
 [49302, "エネコロロ"],
 [45273, "エネコロロ"],
 [43428, "エビワラー"],
 [46389, "エムリット"],
 [46637, 46389],
 [49031, 46389],
 [45733, "エモンガ"],
 [47568, "エモンガ"],
 [47940, 47568],
 [48969, 47568],
 [49513, 47568],
 [49593, 47568],
 [48723, "エリカのウツドン"],
 [48724, "エリカのウツボット"],
 [48718, "エリカのクサイハナ"],
 [48717, "エリカのナゾノクサ"],
 [48722, "エリカのマダツボミ"],
 [48730, "エリカのモンジャラ"],
 [50011, 48730],
 [48719, "エリカのラフレシアex"],
 [45604, "エリキテル"],
 [48976, 45604],
 [48574, "エリキテル"],
 [47830, "エリキテル"],
 [48456, 47830],
 [46428, "エリキテル"],
 [45154, "エルフーン"],
 [46666, 45154],
 [48378, "エルフーン"],
 [44172, "エルフーン"],
 [47627, "エルフーンex"],
 [48071, 47627],
 [48079, 47627],
 [48760, 47627],
 [44334, "エレキッド"],
 [45243, "エレキブル"],
 [45968, "エレキブル"],
 [47330, "エレキブルex"],
 [47380, 47330],
 [48953, 47330],
 [49512, 47330],
 [45605, "エレザード"],
 [45668, 45605],
 [48977, 45605],
 [46429, "エレザード"],
 [47831, "エレザード"],
 [48575, "エレザード"],
 [49961, 48575],
 [48396, "エレズン"],
 [48482, 48396],
 [44338, "エレズン"],
 [43879, "エレズン"],
 [44029, 43879],
 [44587, 43879],
 [45031, 43879],
 [42655, "エレズン"],
 [47329, "エレブー"],
 [48952, 47329],
 [45967, "エレブー"],
 [43446, "エレブー"],
 [45242, "エレブー"],
 [43858, "エンテイ"],
 [44551, 43858],
 [44999, 43858],
 [45805, 43858],
 [48542, "エンテイ"],
 [43026, "エンニュート"],
 [43777, 43026],
 [45953, "エンニュート"],
 [48851, 45953],
 [50012, 45953],
 [49649, "エンニュートex"],
 [47635, "エンブオー"],
 [48010, 47635],
 [48548, 47635],
 [48828, 47635],
 [48398, "エンペルトex"],
 [48505, 48398],
 [47750, "エースバーン"],
 [45957, "エースバーンex"],
 [46164, 45957],
 [48855, 45957],
 [43695, "エーフィ"],
 [43888, "エーフィ"],
 [46723, 43888],
 [46724, "エーフィex"],
 [47132, 46724],
 [49014, 46724],
 [49523, 46724],
 [47478, "オオスバメ"],
 [49296, 47478],
 [49555, 47478],
 [47085, "オオタチ"],
 [47230, 47085],
 [49287, 47085],
 [47028, "オクタン"],
 [44076, "オクタン"],
 [46401, "オコリザル"],
 [43246, "オコリザル"],
 [47439, "オコリザル"],
 [43378, "オコリザル"],
 [45063, "オコリザル"],
 [42674, "オコリザル"],
 [44003, 42674],
 [44624, 42674],
 [47084, "オタチ"],
 [49286, 47084],
 [47558, "オタマロ"],
 [47931, 47558],
 [43865, "オタマロ"],
 [45476, "オトシドリ"],
 [49201, 45476],
 [42680, "オトシドリ"],
 [43076, 42680],
 [43192, "オトシドリ"],
 [43781, 43192],
 [46534, "オトシドリ"],
 [44123, "オトシドリex"],
 [44396, 44123],
 [44282, "オトスパス"],
 [46262, "オトスパス"],
 [49129, 46262],
 [46507, "オドリドリ"],
 [49053, 46507],
 [44337, "オドリドリ"],
 [46187, "オドリドリ"],
 [48849, 46187],
 [42981, "オドリドリ"],
 [44552, 42981],
 [45000, 42981],
 [46212, "オドリドリ"],
 [49052, 46212],
 [48358, "オドリドリex"],
 [48501, 48358],
 [48517, 48358],
 [45723, "オニゴーリ"],
 [46489, 45723],
 [48903, 45723],
 [43342, "オニスズメ"],
 [47785, "オニスズメ"],
 [48431, 47785],
 [49273, 47785],
 [47786, "オニドリル"],
 [49274, 47786],
 [43343, "オニドリル"],
 [45921, "オノノクス"],
 [49259, 45921],
 [47608, "オノノクス"],
 [47976, 47608],
 [47607, "オノンド"],
 [47975, 47607],
 [45920, "オノンド"],
 [46051, 45920],
 [49258, 45920],
 [43460, "オムスター"],
 [43459, "オムナイト"],
 [43965, 43459],
 [43254, "オラチフ"],
 [44648, 43254],
 [45081, 43254],
 [42677, "オラチフ"],
 [43255, "オラチフ"],
 [42678, "オラチフ"],
 [43778, 42678],
 [43712, "オリーニョ"],
 [47404, "オリーニョ"],
 [48786, 47404],
 [49476, 47404],
 [42553, "オリーニョ"],
 [43039, 42553],
 [44539, 42553],
 [44990, 42553],
 [43713, "オリーヴァ"],
 [42554, "オリーヴァ"],
 [44540, 42554],
 [44991, 42554],
 [47405, "オリーヴァex"],
 [47515, 47405],
 [48787, 47405],
 [49477, 47405],
 [46566, "オンバット"],
 [47088, "オンバット"],
 [47231, 47088],
 [49330, 47088],
 [48652, "オンバット"],
 [43193, "オンバット"],
 [44657, 43193],
 [45088, 43193],
 [47089, "オンバーン"],
 [49331, 47089],
 [48653, "オンバーン"],
 [43194, "オンバーンex"],
 [43657, 43194],
 [44658, 43194],
 [45120, 43194],
 [46567, "オンバーンex"],
 [47344, "オーガポン いしずえのめん"],
 [49143, 47344],
 [49534, 47344],
 [45756, "オーガポン いしずえのめんex"],
 [45861, 45756],
 [45870, 45756],
 [46752, 45756],
 [47137, 45756],
 [49144, 45756],
 [47328, "オーガポン いどのめん"],
 [48939, 47328],
 [45729, "オーガポン いどのめんex"],
 [45859, 45729],
 [45869, 45729],
 [46711, 45729],
 [47129, 45729],
 [48940, 45729],
 [47316, "オーガポン かまどのめん"],
 [48864, 47316],
 [45713, "オーガポン かまどのめんex"],
 [45857, 45713],
 [45868, 45713],
 [46687, 45713],
 [47125, 45713],
 [48865, 45713],
 [47307, "オーガポン みどりのめん"],
 [48797, 47307],
 [45706, "オーガポン みどりのめん"],
 [45841, 45706],
 [48796, 45706],
 [49479, 45706],
 [45707, "オーガポン みどりのめんex"],
 [45856, 45707],
 [45867, 45707],
 [45873, 45707],
 [46681, 45707],
 [47122, 45707],
 [47155, 45707],
 [48539, 45707],
 [48798, 45707],
 [47362, "オーダイル"],
 [45161, "オーダイル"],
 [46695, 45161],
 [48884, 45161],
 [45350, "オーベム"],
 [49043, 45350],
 [47580, "オーベム"],
 [47951, 47580],
 [45698, "オーロット"],
 [48772, 45698],
 [43850, "オーロット"],
 [46005, "オーロンゲ"],
 [46512, "オーロンゲ"],
 [49061, 46512],
 [47812, "カイオーガ"],
 [46491, "カイオーガex"],
 [42569, "カイデン"],
 [43745, 42569],
 [43999, 42569],
 [46382, "カイデン"],
 [48991, 46382],
 [45734, "カイデン"],
 [45847, 45734],
 [42570, "カイデン"],
 [42996, "カイデン"],
 [44592, 42996],
 [45036, 42996],
 [42997, "カイデン"],
 [43746, 42997],
 [43389, "カイリキー"],
 [43470, "カイリュー"],
 [43792, "カイリューex"],
 [45579, "カイロス"],
 [45662, 45579],
 [46460, "カイロス"],
 [43448, "カイロス"],
 [46480, "カエンジシ"],
 [48844, 46480],
 [49494, 46480],
 [42980, "カエンジシ"],
 [43282, 42980],
 [47807, "カエンジシ"],
 [46426, "カクレオン"],
 [46641, 46426],
 [46554, "カクレオン"],
 [42664, "カゲボウズ"],
 [47043, "カゲボウズ"],
 [49023, 47043],
 [46274, "カジッチュ"],
 [45624, "カジッチュ"],
 [45672, 45624],
 [45949, "カジッチュ"],
 [46669, 45949],
 [48778, 45949],
 [47304, "カジッチュ"],
 [45702, "カジッチュ"],
 [45965, "カジリガメ"],
 [47321, "カスミのギャラドス"],
 [48874, 47321],
 [47320, "カスミのコイキング"],
 [48873, 47320],
 [47317, "カスミのコダック"],
 [47372, 47317],
 [47319, "カスミのスターミー"],
 [48872, 47319],
 [47318, "カスミのヒトデマン"],
 [48871, 47318],
 [47322, "カスミのラプラス"],
 [47373, 47322],
 [48876, 47322],
 [47397, "カットロトム"],
 [45945, "カットロトム"],
 [43168, "カヌチャン"],
 [43644, 43168],
 [44617, 43168],
 [45057, 43168],
 [43005, "カヌチャン"],
 [43759, 43005],
 [44346, "カヌチャン"],
 [43169, "カヌチャン"],
 [44347, "カヌチャン"],
 [43006, "カヌチャン"],
 [47781, "カヌチャン"],
 [49244, 47781],
 [49672, "カバルドン"],
 [46521, "カバルドン"],
 [46450, "カバルドン"],
 [46215, "カビゴン"],
 [49598, 46215],
 [43464, "カビゴン"],
 [43966, 43464],
 [44668, 43464],
 [45096, 43464],
 [45501, "カビゴン"],
 [49284, 45501],
 [49553, 45501],
 [49695, "カビゴン"],
 [45627, "カビゴン"],
 [49283, 45627],
 [46548, "カビゴンex"],
 [43461, "カブト"],
 [43462, "カブトプス"],
 [47015, "カブルモ"],
 [48763, 47015],
 [47545, "カブルモ"],
 [47918, 47545],
 [43851, "カプサイジ"],
 [42636, "カプサイジ"],
 [43852, "カプサイジ"],
 [46347, "カプサイジ"],
 [48792, 46347],
 [42637, "カプサイジ"],
 [44543, 42637],
 [44993, 42637],
 [48576, "カプ・コケコ"],
 [46381, "カプ・コケコ"],
 [48981, 46381],
 [46500, "カプ・コケコex"],
 [44091, "カプ・コケコex"],
 [44393, 44091],
 [44402, 44091],
 [46250, "カプ・テテフ"],
 [49058, 46250],
 [45881, "カプ・ブルル"],
 [46042, 45881],
 [48777, 45881],
 [49474, 45881],
 [49083, "カポエラー"],
 [50019, 49083],
 [47423, "カマスジョー"],
 [45625, "カミッチュ"],
 [45703, "カミッチュ"],
 [45845, 45703],
 [46670, 45703],
 [47305, "カミッチュ"],
 [45950, "カミッチュ"],
 [48779, 45950],
 [47306, "カミツオロチ"],
 [47369, 47306],
 [45951, "カミツオロチex"],
 [46163, 45951],
 [46175, 45951],
 [46671, 45951],
 [48780, 45951],
 [45964, "カムカメ"],
 [43330, "カメックスex"],
 [43971, 43330],
 [43987, 43330],
 [44487, 43330],
 [49674, "カメテテ"],
 [43329, "カメール"],
 [43956, 43329],
 [44486, 43329],
 [45774, "カモネギ"],
 [43404, "カモネギ"],
 [45987, "カラカラ"],
 [46515, "カラカラ"],
 [43425, "カラカラ"],
 [48527, "カラサリス"],
 [46370, "カラナクシ"],
 [45909, "カラマネロ"],
 [43918, "カラマネロ"],
 [44104, "カラミンゴ"],
 [42738, "カラミンゴ"],
 [43811, 42738],
 [44500, 42738],
 [43201, "カラミンゴ"],
 [43650, 43201],
 [44678, 43201],
 [45105, 43201],
 [43941, "カラミンゴ"],
 [45398, "カラミンゴex"],
 [47398, "カリキリ"],
 [42556, "カルボウ"],
 [43150, "カルボウ"],
 [44259, "カルボウ"],
 [42557, "カルボウ"],
 [42952, 42557],
 [44483, 42557],
 [44556, 42557],
 [45003, 42557],
 [45426, "カルボウ"],
 [48861, 45426],
 [49496, 45426],
 [46188, "カルボウ"],
 [48552, 46188],
 [48359, "カルボウ"],
 [48489, 48359],
 [43722, "カルボウ"],
 [44210, 43722],
 [46684, 43722],
 [46360, "カルボウ"],
 [44260, "カルボウ"],
 [43151, "カルボウ"],
 [45239, "ガオガエンex"],
 [45557, 45239],
 [48848, 45239],
 [47063, "ガケガニ"],
 [49137, 47063],
 [49532, 47063],
 [44103, "ガケガニ"],
 [42594, "ガケガニ"],
 [43048, 42594],
 [43769, 42594],
 [42918, "ガケガニex"],
 [45900, "ガチグマ アカツキ"],
 [46746, 45900],
 [49131, 45900],
 [45628, "ガチグマ アカツキex"],
 [45679, 45628],
 [45686, 45628],
 [45689, 45628],
 [46795, 45628],
 [47146, 45628],
 [47295, 45628],
 [49341, 45628],
 [49677, "ガチゴラス"],
 [44100, "ガバイト"],
 [46743, 44100],
 [44078, "ガブリアスex"],
 [44392, 44078],
 [44401, 44078],
 [44966, 44078],
 [46700, 44078],
 [43866, "ガマガル"],
 [47559, "ガマガル"],
 [47932, 47559],
 [47560, "ガマゲロゲ"],
 [47933, 47560],
 [43867, "ガマゲロゲ"],
 [49675, "ガメノデス"],
 [45988, "ガラガラ"],
 [43426, "ガラガラ"],
 [48627, "ガラル ジグザグマ"],
 [48629, "ガラル タチフサグマ"],
 [49969, 48629],
 [46539, "ガラル マッギョ"],
 [49225, 46539],
 [48628, "ガラル マッスグマ"],
 [47473, "ガルーラ"],
 [47514, 47473],
 [43932, "ガルーラ"],
 [44491, 43932],
 [47159, "ガルーラ"],
 [43436, "ガルーラex"],
 [43977, 43436],
 [47666, "ガントル"],
 [48038, 47666],
 [42729, "ガーディ"],
 [43379, "ガーディ"],
 [47406, "ガーディ"],
 [42639, "ガーディ"],
 [42915, 42639],
 [45747, "キチキギス"],
 [45850, 45747],
 [46737, 45747],
 [49075, 45747],
 [45913, "キチキギスex"],
 [46058, 45913],
 [46066, 45913],
 [46765, 45913],
 [47177, 45913],
 [47862, 45913],
 [48636, 45913],
 [49205, 45913],
 [50004, 45913],
 [47852, "キテルグマ"],
 [45928, "キテルグマ"],
 [46053, 45928],
 [46569, 45928],
 [49333, 45928],
 [42704, "キノガッサ"],
 [47396, "キノガッサ"],
 [48745, 47396],
 [45224, "キノガッサ"],
 [48744, 45224],
 [42703, "キノココ"],
 [47395, "キノココ"],
 [48743, 47395],
 [45223, "キノココ"],
 [48742, 45223],
 [45919, "キバゴ"],
 [49257, 45919],
 [47606, "キバゴ"],
 [47974, 47606],
 [45162, "キバニア"],
 [48894, 45162],
 [43863, "キバニア"],
 [44028, 43863],
 [48390, "キバニア"],
 [45693, "キマワリ"],
 [45844, 45693],
 [43331, "キャタピー"],
 [43957, 43331],
 [47009, "キャタピー"],
 [46486, "キャモメ"],
 [43265, "キャモメ"],
 [44669, 43265],
 [45097, 43265],
 [45587, "キュウコン"],
 [43857, "キュウコン"],
 [44136, 43857],
 [46185, "キュウコン"],
 [47744, "キュウコン"],
 [43359, "キュウコンex"],
 [43973, 43359],
 [45922, "キュレム"],
 [47567, "キュレムex"],
 [47984, 47567],
 [47992, 47567],
 [48919, 47567],
 [49503, 47567],
 [45981, "キュワワー"],
 [44286, "キョジオーン"],
 [44426, 44286],
 [47769, "キョジオーン"],
 [48427, 47769],
 [49134, 47769],
 [43184, "キョジオーン"],
 [44632, 43184],
 [45071, 43184],
 [44410, "キョジオーンex"],
 [45754, "キラフロル"],
 [46408, "キラフロル"],
 [43251, "キラフロル"],
 [43907, "キラフロルex"],
 [44150, 43907],
 [44634, 43907],
 [45115, 43907],
 [43249, "キラーメ"],
 [44633, 43249],
 [45072, 43249],
 [43905, "キラーメ"],
 [45753, "キラーメ"],
 [43906, "キラーメ"],
 [43250, "キラーメ"],
 [46407, "キラーメ"],
 [45474, "キリキザン"],
 [49188, 45474],
 [43923, "キリキザン"],
 [42603, "キリキザン"],
 [44646, 42603],
 [45079, 42603],
 [47603, "キリキザン"],
 [47972, 47603],
 [49227, 47603],
 [48639, "キリキザン"],
 [43195, "キリンリキ"],
 [45610, "キリンリキ"],
 [49017, 45610],
 [45249, "キリンリキ"],
 [49016, 45249],
 [47837, "キルリア"],
 [48592, 47837],
 [49715, 47837],
 [42573, "キルリア"],
 [43044, 42573],
 [44604, 42573],
 [45045, 42573],
 [43845, "キレイハナ"],
 [44265, "キングドラ"],
 [45887, "キングドラex"],
 [46054, 45887],
 [48870, 45887],
 [43420, "キングラー"],
 [46006, "ギアル"],
 [47687, "ギアル"],
 [48058, 47687],
 [49222, 47687],
 [47667, "ギガイアス"],
 [48039, 47667],
 [46007, "ギギアル"],
 [47688, "ギギアル"],
 [48059, 47688],
 [49223, 47688],
 [46008, "ギギギアル"],
 [47689, "ギギギアル"],
 [48060, 47689],
 [49224, 47689],
 [46004, "ギモー"],
 [46511, "ギモー"],
 [49060, 46511],
 [42988, "ギャラドス"],
 [43451, "ギャラドス"],
 [42560, "ギャラドスex"],
 [43051, 42560],
 [43399, "ギャロップ"],
 [45290, "ギャロップ"],
 [48804, 45290],
 [47309, "ギャロップ"],
 [47370, 47309],
 [48806, 47309],
 [45424, "ギャロップ"],
 [48805, 45424],
 [49690, "ギルガルド"],
 [44119, "ギルガルド"],
 [44389, 44119],
 [46772, 44119],
 [44357, "ギルガルドex"],
 [44461, 44357],
 [43861, "クイタラン"],
 [45155, "クイタラン"],
 [46473, 45155],
 [47638, "クイタラン"],
 [48013, 47638],
 [48836, 47638],
 [42819, "クエスパトラ"],
 [42583, "クエスパトラ"],
 [43758, 42583],
 [46252, "クエスパトラ"],
 [44345, "クエスパトラ"],
 [44452, 44345],
 [45450, "クエスパトラ"],
 [44546, "クエスパトラex"],
 [45109, 44546],
 [48342, "クサイハナ"],
 [43365, "クサイハナ"],
 [44525, 43365],
 [44978, 43365],
 [46456, 43365],
 [43844, "クサイハナ"],
 [44135, 43844],
 [47774, "クスネ"],
 [44112, "クスネ"],
 [43753, "クチート"],
 [49664, "クチート"],
 [45262, "クチート"],
 [49211, "クチート"],
 [50022, 49211],
 [43920, "クチート"],
 [42625, "クヌギダマ"],
 [43703, 42625],
 [43140, "クヌギダマ"],
 [43306, 43140],
 [44531, 43140],
 [44984, 43140],
 [45219, "クヌギダマ"],
 [47394, "クヌギダマ"],
 [43868, "クマシュン"],
 [47564, "クマシュン"],
 [47937, 47564],
 [43419, "クラブ"],
 [47691, "クリムガン"],
 [48062, 47691],
 [49260, 47691],
 [47081, "クリムガン"],
 [47624, "クルマユ"],
 [48000, 47624],
 [47623, "クルミル"],
 [47999, 47623],
 [45896, "クレセリア"],
 [46048, 45896],
 [49033, 45896],
 [48287, "クレセリア"],
 [45397, "クレッフィ"],
 [42669, "クレッフィ"],
 [44610, 42669],
 [45050, 42669],
 [46264, "クレッフィ"],
 [49229, 46264],
 [49691, "クレッフィ"],
 [44292, "クロバット"],
 [45904, "クロバット"],
 [45974, "クワガノン"],
 [48979, 45974],
 [50015, 45974],
 [45245, "クワガノン"],
 [42992, "クワッス"],
 [43286, 42992],
 [46242, "クワッス"],
 [48257, 46242],
 [48927, 46242],
 [49506, 46242],
 [42754, "クワッス"],
 [42776, 42754],
 [46147, "クワッス"],
 [42993, "クワッス"],
 [44564, 42993],
 [45010, 42993],
 [44082, "グソクムシャ"],
 [44268, "グソクムシャex"],
 [44434, 44268],
 [44441, 44268],
 [48384, "グライオン"],
 [44095, "グライオン"],
 [48383, "グライガー"],
 [44094, "グライガー"],
 [45195, "グラエナ"],
 [49168, 45195],
 [50021, 45195],
 [45758, "グラエナ"],
 [48286, "グランブル"],
 [49020, 48286],
 [43752, "グランブル"],
 [44098, "グラードン"],
 [44385, 44098],
 [46741, 44098],
 [49091, "グラードン"],
 [45502, "グルトン"],
 [43938, "グルトン"],
 [44146, 43938],
 [42612, "グルトン"],
 [42713, "グルトン"],
 [42737, 42713],
 [42761, 42713],
 [43102, 42713],
 [43803, 42713],
 [44498, 42713],
 [42613, "グルトン"],
 [44673, 42613],
 [45101, 42613],
 [43939, "グルトン"],
 [43804, "グルトン"],
 [46575, "グルトン"],
 [43698, "グレイシア"],
 [45597, "グレイシア"],
 [46701, 45597],
 [46702, "グレイシアex"],
 [47127, 46702],
 [48878, 46702],
 [49498, 46702],
 [42600, "グレッグル"],
 [43176, "グレッグル"],
 [46522, 43176],
 [45898, "グレッグル"],
 [49097, 45898],
 [47763, "グレッグル"],
 [49098, 47763],
 [43723, "グレンアルマ"],
 [42558, "グレンアルマ"],
 [43040, 42558],
 [44484, 42558],
 [44557, 42558],
 [45004, 42558],
 [46361, "グレンアルマ"],
 [45427, "グレンアルマex"],
 [45576, 45427],
 [48862, 45427],
 [49497, 45427],
 [44261, "グレンアルマex"],
 [44432, 44261],
 [45959, "ケイコウオ"],
 [48911, 45959],
 [43179, "ケケンカニ"],
 [45963, "ケケンカニ"],
 [46155, 45963],
 [48925, 45963],
 [43269, "ケッキング"],
 [46424, "ケッキングex"],
 [46649, 46424],
 [49299, 46424],
 [48526, "ケムッソ"],
 [45164, "ケルディオ"],
 [47649, "ケルディオex"],
 [48073, 47649],
 [48081, 47649],
 [48921, 47649],
 [49505, 47649],
 [45469, "ケロマツ"],
 [48922, 45469],
 [45599, "ケロマツ"],
 [43729, "ケロマツ"],
 [44211, 43729],
 [45453, "ケンタロス"],
 [43449, "ケンタロス"],
 [47348, "ケンタロス"],
 [49279, 47348],
 [45276, "ケンホロウ"],
 [47611, "ケンホロウ"],
 [47979, 47611],
 [49316, 47611],
 [45738, "ケーシィ"],
 [46718, 45738],
 [43384, "ケーシィ"],
 [44596, 43384],
 [45039, 43384],
 [47832, "ケーシィ"],
 [45470, "ゲコガシラ"],
 [48923, 45470],
 [43730, "ゲコガシラ"],
 [45600, "ゲコガシラ"],
 [43731, "ゲッコウガex"],
 [45471, "ゲッコウガex"],
 [48924, 45471],
 [45621, "ゲッコウガex"],
 [45678, 45621],
 [45685, 45621],
 [45915, "ゲノセクト"],
 [48348, "ゲノセクト"],
 [47605, "ゲノセクトex"],
 [47988, 47605],
 [47996, 47605],
 [48641, 47605],
 [49228, 47605],
 [49546, 47605],
 [49682, "ゲンガー"],
 [44107, "ゲンガー"],
 [43415, "ゲンガー"],
 [45193, "ゲンガーex"],
 [45531, 45193],
 [49161, 45193],
 [45779, "コアルヒー"],
 [47644, "コアルヒー"],
 [48018, 47644],
 [48913, 47644],
 [42987, "コイキング"],
 [43285, 42987],
 [42559, "コイキング"],
 [43450, "コイキング"],
 [43094, "コイル"],
 [43994, 43094],
 [43738, "コイル"],
 [46374, "コイル"],
 [48567, 46374],
 [48947, 46374],
 [43402, "コイル"],
 [42650, "コイル"],
 [47823, "コイル"],
 [47822, "コオリッポ"],
 [43226, "コオリッポ"],
 [43667, 43226],
 [43862, "コオリッポex"],
 [44147, 43862],
 [44159, 43862],
 [43335, "コクーン"],
 [43270, "ココガラ"],
 [43675, 43270],
 [45764, "ココドラ"],
 [47656, "ココロモリ"],
 [48029, 47656],
 [44275, "ココロモリ"],
 [44283, "コジオ"],
 [43181, "コジオ"],
 [44284, "コジオ"],
 [43182, "コジオ"],
 [43646, 43182],
 [44630, 43182],
 [45069, 43182],
 [47767, "コジオ"],
 [49132, 47767],
 [44279, "コジョフー"],
 [45994, "コジョフー"],
 [47671, "コジョフー"],
 [48043, 47671],
 [49111, 47671],
 [44280, "コジョンド"],
 [44425, 44280],
 [47672, "コジョンド"],
 [48044, 47672],
 [49112, 47672],
 [45995, "コジョンド"],
 [44267, "コソクムシ"],
 [44422, 44267],
 [44081, "コソクムシ"],
 [43375, "コダック"],
 [43960, 43375],
 [47492, "コダック"],
 [48554, 47492],
 [49959, 47492],
 [45765, "コドラ"],
 [45853, 45765],
 [47741, "コノハナ"],
 [45221, "コノハナ"],
 [46402, "コノヨザル"],
 [42675, "コノヨザル"],
 [44004, 42675],
 [44625, 42675],
 [45064, 42675],
 [47440, "コノヨザル"],
 [43247, "コノヨザルex"],
 [43680, 43247],
 [47604, "コバルオン"],
 [47973, 47604],
 [42627, "コフキムシ"],
 [49640, "コフキムシ"],
 [46344, "コフキムシ"],
 [42628, "コフーライ"],
 [49641, "コフーライ"],
 [46345, "コフーライ"],
 [47602, "コマタナ"],
 [47971, 47602],
 [49226, 47602],
 [45473, "コマタナ"],
 [49187, 45473],
 [42602, "コマタナ"],
 [44645, 42602],
 [45078, 42602],
 [48638, "コマタナ"],
 [43922, "コマタナ"],
 [47079, "コモルー"],
 [49255, 47079],
 [45495, "コライドン"],
 [42820, "コライドン"],
 [43133, 42820],
 [44005, 42820],
 [46409, "コライドン"],
 [45198, "コライドン"],
 [45405, 45198],
 [46783, 45198],
 [49266, 45198],
 [45300, "コライドンex"],
 [49267, 45300],
 [49551, 45300],
 [49141, "コライドンex"],
 [49533, 49141],
 [46526, "コライドンex"],
 [43770, "コライドンex"],
 [42596, "コライドンex"],
 [43054, 42596],
 [43063, 42596],
 [44637, 42596],
 [44945, 42596],
 [45146, 42596],
 [43340, "コラッタ"],
 [46544, 43340],
 [49692, "コラッタ"],
 [43097, "コリンク"],
 [45730, "コリンク"],
 [48960, 45730],
 [43155, "コリンク"],
 [44582, 43155],
 [45026, 43155],
 [49658, "コリンク"],
 [44092, "コレクレー"],
 [44226, 44092],
 [44622, "コレクレー"],
 [46253, "コレクレー"],
 [44093, "コレクレー"],
 [44384, 44093],
 [46734, 44093],
 [47752, "コレクレー"],
 [49072, 47752],
 [47655, "コロモリ"],
 [48028, 47655],
 [44274, "コロモリ"],
 [43369, "コンパン"],
 [45590, "コータス"],
 [45664, 45590],
 [46471, "コータス"],
 [48817, 46471],
 [49485, 46471],
 [42555, "コータス"],
 [43715, 42555],
 [45593, "ゴウカザル"],
 [45665, 45593],
 [48821, 45593],
 [46000, "ゴクリン"],
 [46160, 46000],
 [43239, "ゴチミル"],
 [43671, 43239],
 [47661, "ゴチミル"],
 [48034, 47661],
 [49040, 47661],
 [43238, "ゴチム"],
 [47660, "ゴチム"],
 [48033, 47660],
 [49039, 47660],
 [47662, "ゴチルゼル"],
 [48035, 47662],
 [49041, 47662],
 [43240, "ゴチルゼル"],
 [44301, "ゴニョニョ"],
 [45181, "ゴビット"],
 [47581, "ゴビット"],
 [47952, 47581],
 [46404, "ゴマゾウ"],
 [46638, 46404],
 [49081, 46404],
 [44096, "ゴマゾウ"],
 [45701, "ゴリランダー"],
 [43376, "ゴルダック"],
 [47493, "ゴルダック"],
 [48555, 47493],
 [45903, "ゴルバット"],
 [44291, "ゴルバット"],
 [43363, "ゴルバット"],
 [45182, "ゴルーグ"],
 [47582, "ゴルーグ"],
 [47953, 47582],
 [47070, "ゴロンダ"],
 [49195, 47070],
 [48635, "ゴロンダ"],
 [46002, "ゴロンダ"],
 [43397, "ゴローニャex"],
 [43976, 43397],
 [43396, "ゴローン"],
 [42550, "ゴーゴート"],
 [44105, "ゴース"],
 [43413, "ゴース"],
 [45191, "ゴース"],
 [45523, 45191],
 [49157, 45191],
 [48262, "ゴース"],
 [49158, 48262],
 [49680, "ゴース"],
 [49681, "ゴースト"],
 [48263, "ゴースト"],
 [48283, 48263],
 [49160, 48263],
 [44106, "ゴースト"],
 [43414, "ゴースト"],
 [45192, "ゴースト"],
 [49159, 45192],
 [43388, "ゴーリキー"],
 [43962, 43388],
 [43433, "サイドン"],
 [45990, "サイドン"],
 [43432, "サイホーン"],
 [45989, "サイホーン"],
 [47418, "サクラビス"],
 [45295, "サケブシッポ"],
 [49068, 45295],
 [44278, "サケブシッポ"],
 [44424, 44278],
 [46732, 44278],
 [45616, "サケブシッポex"],
 [45677, 45616],
 [49069, 45616],
 [43024, "サザンドラ"],
 [46412, "サザンドラex"],
 [46647, 46412],
 [46656, 46412],
 [47684, "サザンドラex"],
 [48075, 47684],
 [48083, 47684],
 [49194, 47684],
 [47422, "サシカマス"],
 [42593, "サダイジャ"],
 [44315, "サッチムシ"],
 [43898, "サナギラス"],
 [44031, 43898],
 [47056, "サナギラス"],
 [43173, "サナギラス"],
 [46517, "サナギラス"],
 [42547, "サボネア"],
 [43705, 42547],
 [45894, "サマヨール"],
 [46046, 45894],
 [46726, 45894],
 [48595, 45894],
 [49025, 45894],
 [45163, "サメハダー"],
 [48895, 45163],
 [43864, "サメハダー"],
 [45699, "サルノリ"],
 [46667, 45699],
 [43427, "サワムラー"],
 [46207, "サンダー"],
 [48955, 46207],
 [45603, "サンダー"],
 [46498, 45603],
 [48956, 45603],
 [43466, "サンダーex"],
 [43979, 43466],
 [43989, 43466],
 [44235, 43466],
 [43456, "サンダース"],
 [46712, 43456],
 [43693, "サンダース"],
 [46713, "サンダースex"],
 [47130, 46713],
 [48954, 46713],
 [45748, "サンド"],
 [43348, "サンド"],
 [47753, "サンド"],
 [43349, "サンドパン"],
 [47754, "サンドパン"],
 [45749, "サンドパン"],
 [42574, "サーナイトex"],
 [43052, 42574],
 [43061, 42574],
 [44605, 42574],
 [45114, 42574],
 [45134, 42574],
 [44656, "サーフゴー"],
 [47784, "サーフゴー"],
 [49251, 47784],
 [46267, "サーフゴー"],
 [49250, 46267],
 [44122, "サーフゴーex"],
 [44395, 44122],
 [44403, 44122],
 [46778, 44122],
 [47141, 44122],
 [44120, "ザシアン"],
 [48379, "ザシアン"],
 [48493, 48379],
 [46543, "ザシアンex"],
 [47468, "ザマゼンタ"],
 [47511, 47468],
 [45843, "ザルード"],
 [46234, "ザルード"],
 [42608, "ザングース"],
 [42760, "ザングース"],
 [43795, 42760],
 [44495, 42760],
 [46425, "ザングース"],
 [49303, 46425],
 [49556, 46425],
 [49304, "ザングースex"],
 [49557, 49304],
 [49636, "シェイミ"],
 [45152, "シェイミ"],
 [48755, 45152],
 [46559, "シェイミ"],
 [47301, "シェイミ"],
 [47367, 47301],
 [47860, 47301],
 [48321, 47301],
 [48534, 47301],
 [43411, "シェルダー"],
 [43220, "シガロコ"],
 [46348, "シガロコ"],
 [43221, "シガロコ"],
 [44545, 43221],
 [44995, 43221],
 [45231, "シガロコ"],
 [46674, 45231],
 [47628, "シキジカ"],
 [48003, 47628],
 [45225, "シキジカ"],
 [45545, 45225],
 [47770, "シザリガー"],
 [45596, "シザリガー"],
 [48899, 45596],
 [47806, "シシコ"],
 [48452, 47806],
 [46479, "シシコ"],
 [48843, 46479],
 [49493, 46479],
 [42979, "シシコ"],
 [43875, "シビシラス"],
 [47569, "シビシラス"],
 [47941, 47569],
 [48569, 47569],
 [48972, 47569],
 [43876, "シビビール"],
 [47570, "シビビール"],
 [47942, 47570],
 [48570, 47570],
 [48973, 47570],
 [47571, "シビルドン"],
 [47943, 47571],
 [43877, "シビルドン"],
 [44335, "シママ"],
 [44451, 44335],
 [47650, "シママ"],
 [48023, 47650],
 [48966, 47650],
 [46378, "シママ"],
 [48965, 46378],
 [44359, "シャリタツ"],
 [45773, "シャリタツ"],
 [45854, 45773],
 [46295, 45773],
 [46782, 45773],
 [47171, 45773],
 [47178, 45773],
 [47863, 45773],
 [48270, 45773],
 [48293, 45773],
 [48657, 45773],
 [49265, 45773],
 [42568, "シャリタツ"],
 [44573, 42568],
 [45018, 42568],
 [46421, "シャリタツex"],
 [46648, 46421],
 [43692, "シャワーズ"],
 [43455, "シャワーズ"],
 [46691, 43455],
 [46692, "シャワーズex"],
 [47126, 46692],
 [48877, 46692],
 [45712, "シャンデラ"],
 [47553, "シャンデラ"],
 [47926, 47553],
 [43719, "シャンデラ"],
 [46502, "シュシュプ"],
 [49667, "シュシュプ"],
 [47071, "シュバルゴ"],
 [49220, 47071],
 [47601, "シュバルゴ"],
 [47970, 47601],
 [49221, 47601],
 [43189, "シルシュルー"],
 [43780, 43189],
 [44650, 43189],
 [45083, 43189],
 [43842, "シルシュルー"],
 [47776, "シルシュルー"],
 [48429, 47776],
 [46413, "シルシュルー"],
 [43190, "シルシュルー"],
 [45745, "シロデスナ"],
 [43166, "シロデスナ"],
 [46397, "シロデスナex"],
 [46646, 46397],
 [47338, "シロナのガバイト"],
 [48611, 47338],
 [49093, 47338],
 [47381, "シロナのガブリアスex"],
 [47388, 47381],
 [47392, 47381],
 [47339, "シロナのガブリアスex"],
 [48612, 47339],
 [49094, 47339],
 [49614, 47339],
 [47323, "シロナのヒンバス"],
 [47337, "シロナのフカマル"],
 [48610, 47337],
 [49092, 47337],
 [47345, "シロナのミカルゲ"],
 [48630, 47345],
 [49968, 47345],
 [47324, "シロナのミロカロス"],
 [47300, "シロナのロズレイド"],
 [47366, 47300],
 [48532, 47300],
 [48749, 47300],
 [47299, "シロナのロゼリア"],
 [48531, 47299],
 [48748, 47299],
 [46190, "シンボラー"],
 [49034, 46190],
 [47657, "シンボラー"],
 [48030, 47657],
 [43438, "シードラ"],
 [44264, "シードラ"],
 [45886, "シードラ"],
 [48869, 45886],
 [44285, "ジオヅム"],
 [43183, "ジオヅム"],
 [44631, 43183],
 [45070, 43183],
 [47768, "ジオヅム"],
 [49133, 47768],
 [43934, "ジグザグマ"],
 [44493, 43934],
 [46552, 43934],
 [48409, "ジグザグマ"],
 [43793, "ジジーロン"],
 [45277, "ジジーロン"],
 [45555, 45277],
 [46570, "ジジーロン"],
 [49336, 46570],
 [49337, "ジジーロン"],
 [49564, 49337],
 [47825, "ジバコイル"],
 [46376, "ジバコイル"],
 [43740, "ジバコイル"],
 [42652, "ジバコイルex"],
 [43080, 42652],
 [46411, "ジヘッド"],
 [43023, "ジヘッド"],
 [47683, "ジヘッド"],
 [48055, 47683],
 [49193, 47683],
 [47818, "ジメレオン"],
 [47538, "ジャノビー"],
 [47912, 47538],
 [48757, 47538],
 [49638, "ジャノビー"],
 [49639, "ジャローダ"],
 [47539, "ジャローダex"],
 [47983, 47539],
 [47991, 47539],
 [48758, 47539],
 [43408, "ジュゴン"],
 [48362, "ジュゴン"],
 [48490, 48362],
 [49652, "ジュゴン"],
 [45880, "ジュナイパー"],
 [43710, "ジュナイパーex"],
 [49645, "ジュナイパーex"],
 [47044, "ジュペッタ"],
 [50017, 47044],
 [42665, "ジュペッタex"],
 [43082, 42665],
 [48402, "ジュラルドン"],
 [46265, "ジュラルドン"],
 [49239, 46265],
 [46011, "ジュラルドン"],
 [46542, 46011],
 [46773, 46011],
 [47163, 46011],
 [48643, 46011],
 [49240, 46011],
 [44114, "ジラーチ"],
 [46769, 44114],
 [45496, "ジラーチ"],
 [45180, "ジーランス"],
 [45520, 45180],
 [46740, 45180],
 [46485, "スイクン"],
 [47162, 46485],
 [48890, 46485],
 [48366, "スイクン"],
 [49683, "スコルピ"],
 [42638, "スコヴィラン"],
 [43068, 42638],
 [43853, "スコヴィラン"],
 [44544, 43853],
 [44994, 43853],
 [46363, "スコヴィランex"],
 [46643, 46363],
 [48863, 46363],
 [44027, "スコヴィランex"],
 [43442, "スターミー"],
 [44562, 43442],
 [45008, 43442],
 [43444, "ストライク"],
 [44475, 43444],
 [43846, "ストライク"],
 [44527, 43846],
 [44980, 43846],
 [45218, "ストライク"],
 [48731, 45218],
 [42656, "ストリンダー"],
 [48397, "ストリンダー"],
 [48495, 48397],
 [43880, "ストリンダー"],
 [44588, 43880],
 [45032, 43880],
 [47364, "ストリンダーex"],
 [44352, "ストリンダーex"],
 [44460, 44352],
 [45299, "スナノケガワ"],
 [49140, 45299],
 [44288, "スナノケガワex"],
 [44436, 44288],
 [44442, 44288],
 [46749, 44288],
 [47136, 44288],
 [46396, "スナバァ"],
 [43165, "スナバァ"],
 [43643, 43165],
 [45744, "スナバァ"],
 [42592, "スナヘビ"],
 [47477, "スバメ"],
 [49295, 47477],
 [49554, 47477],
 [43336, "スピアー"],
 [46019, "スピンロトム"],
 [46792, 46019],
 [48661, 46019],
 [49973, 46019],
 [46662, "スボミー"],
 [48533, 46662],
 [49956, 46662],
 [45892, "スリーパー"],
 [42663, "スリーパー"],
 [43418, "スリーパー"],
 [45891, "スリープ"],
 [42662, "スリープ"],
 [43073, 42662],
 [43417, "スリープ"],
 [45780, "スワンナ"],
 [47645, "スワンナ"],
 [48019, 47645],
 [48914, 47645],
 [43362, "ズバット"],
 [44290, "ズバット"],
 [45902, "ズバット"],
 [43881, "ズピカ"],
 [43159, "ズピカ"],
 [43998, 43159],
 [45607, "ズピカ"],
 [48987, 45607],
 [49596, 45607],
 [43743, "ズピカ"],
 [43882, "ズピカ"],
 [43160, "ズピカ"],
 [47677, "ズルズキン"],
 [48049, 47677],
 [45797, "ズルズキン"],
 [44110, "ズルズキン"],
 [45796, "ズルッグ"],
 [47676, "ズルッグ"],
 [48048, 47676],
 [44109, "ズルッグ"],
 [48631, "ズルッグ"],
 [45187, "セキタンザン"],
 [49127, 45187],
 [48619, "セキタンザン"],
 [43234, "セグレイブ"],
 [43670, 43234],
 [44576, 43234],
 [45021, 43234],
 [45827, 43234],
 [43233, "セゴール"],
 [43307, 43233],
 [43669, 43233],
 [44575, 43233],
 [45020, 43233],
 [45826, 43233],
 [43231, "セビエ"],
 [43668, 43231],
 [45825, 43231],
 [43232, "セビエ"],
 [44574, "セビエ"],
 [45019, 44574],
 [47739, "セレビィ"],
 [45417, "セレビィ"],
 [48741, 45417],
 [44090, "ゼクロム"],
 [47573, "ゼクロムex"],
 [47985, 47573],
 [47993, 47573],
 [47998, 47573],
 [48573, 47573],
 [48975, 47573],
 [43328, "ゼニガメ"],
 [43955, 43328],
 [44485, 43328],
 [44523, 43328],
 [43702, "ゼニガメ"],
 [44336, "ゼブライカ"],
 [47651, "ゼブライカ"],
 [48024, 47651],
 [48968, 47651],
 [47166, "ゼブライカ"],
 [46379, "ゼブライカ"],
 [48967, 46379],
 [47335, "ゼラオラ"],
 [48577, 47335],
 [45976, "ゼラオラ"],
 [46157, 45976],
 [46714, 45976],
 [48983, 45976],
 [45246, "ゼラオラ"],
 [48982, 45246],
 [47842, "ゼルネアス"],
 [46211, "ゼルネアス"],
 [49051, 46211],
 [46506, "ゼルネアスex"],
 [48360, "ソウブレイズ"],
 [46362, "ソウブレイズ"],
 [46632, 46362],
 [43167, "ソウブレイズ"],
 [44614, 43167],
 [45054, 43167],
 [46731, 43167],
 [46189, "ソウブレイズex"],
 [47124, 46189],
 [48553, 46189],
 [47760, "ソルロック"],
 [48609, 47760],
 [49088, 47760],
 [43890, "ソルロック"],
 [45916, "ゾウドウ"],
 [46050, 45916],
 [43260, "ゾウドウ"],
 [46540, "ゾウドウ"],
 [49237, 46540],
 [49548, 46540],
 [47680, "ゾロア"],
 [48052, 47680],
 [49183, 47680],
 [45906, "ゾロア"],
 [46049, 45906],
 [46757, 45906],
 [47681, "ゾロアーク"],
 [48053, 47681],
 [49184, 47681],
 [45907, "ゾロアーク"],
 [46758, 45907],
 [46383, "タイカイデン"],
 [48993, 46383],
 [42571, "タイカイデン"],
 [43747, 42571],
 [44593, "タイカイデン"],
 [45037, 44593],
 [42998, "タイカイデン"],
 [44000, 42998],
 [45735, "タイカイデン"],
 [48992, 45735],
 [45794, "タイカイデンex"],
 [45999, "タイレーツ"],
 [43016, "タイレーツ"],
 [47777, "タギングル"],
 [46414, "タギングル"],
 [43191, "タギングル"],
 [43648, 43191],
 [44651, 43191],
 [45084, 43191],
 [44025, "タギングルex"],
 [46014, "タケルライコ"],
 [45199, "タケルライコex"],
 [45532, 45199],
 [45538, 45199],
 [45543, 45199],
 [46785, 45199],
 [47143, 45199],
 [49270, 45199],
 [46261, "タタッコ"],
 [46318, 46261],
 [49128, 46261],
 [44281, "タタッコ"],
 [45885, "タッツー"],
 [46044, 45885],
 [48868, 45885],
 [44263, "タッツー"],
 [44407, 44263],
 [43437, "タッツー"],
 [47078, "タツベイ"],
 [49254, 47078],
 [45220, "タネボー"],
 [47740, "タネボー"],
 [47612, "タブンネ"],
 [47980, 47612],
 [49317, 47612],
 [43799, "タブンネ"],
 [46560, "タブンネ"],
 [46463, "タマゲタケ"],
 [42967, "タマゲタケ"],
 [43706, 42967],
 [47546, "タマゲタケ"],
 [47919, 47546],
 [48764, 47546],
 [46367, "タマザラシ"],
 [46634, 46367],
 [48904, 46367],
 [46230, "タマタマ"],
 [46311, 46230],
 [48725, 46230],
 [46341, "タマタマ"],
 [46458, "タマタマ"],
 [48726, 46458],
 [43423, "タマタマ"],
 [47737, "タマタマ"],
 [44166, "タマタマ"],
 [44079, "タマンタ"],
 [44380, 44079],
 [42630, "タマンチュラ"],
 [43066, 42630],
 [42709, "タマンチュラ"],
 [43143, "タマンチュラ"],
 [43144, "タマンチュラ"],
 [42631, "タマンチュラ"],
 [46276, "タルップル"],
 [46321, 46276],
 [45185, "タンドン"],
 [49125, 45185],
 [48617, "タンドン"],
 [46541, "ダイオウドウ"],
 [49238, 46541],
 [49549, 46541],
 [45917, "ダイオウドウ"],
 [43261, "ダイオウドウex"],
 [43681, 43261],
 [47642, "ダイケンキ"],
 [48016, 47642],
 [47275, "ダイゴのエアームド"],
 [49210, 47275],
 [47276, "ダイゴのダンバル"],
 [47291, 47276],
 [47273, "ダイゴのネンドール"],
 [47278, "ダイゴのメタグロスex"],
 [50005, 47278],
 [47277, "ダイゴのメタング"],
 [47274, "ダイゴのメレシー"],
 [47272, "ダイゴのヤジロン"],
 [49670, "ダイノーズ"],
 [47445, "ダイノーズ"],
 [45620, "ダイノーズ"],
 [45671, 45620],
 [43921, "ダイノーズ"],
 [43010, "ダグトリオ"],
 [43372, "ダグトリオ"],
 [47668, "ダゲキ"],
 [48040, 47668],
 [49107, 47668],
 [44296, "ダストダス"],
 [44428, 44296],
 [46756, 44296],
 [47679, "ダストダス"],
 [48051, 47679],
 [49182, 47679],
 [47805, "ダダリン"],
 [45228, "ダダリン"],
 [48776, 45228],
 [46233, "ダダリン"],
 [46509, "ダダリン"],
 [47577, "ダブラン"],
 [47948, 47577],
 [45177, "ダブラン"],
 [47549, "ダルマッカ"],
 [47922, 47549],
 [48832, 47549],
 [45708, "ダルマッカ"],
 [48355, "ダルマッカ"],
 [43859, "ダルマッカ"],
 [47665, "ダンゴロ"],
 [48037, 47665],
 [47045, "ダンバル"],
 [45263, "ダンバル"],
 [46767, 45263],
 [49212, 45263],
 [43916, "ダークライ"],
 [45472, "ダークライex"],
 [49172, 45472],
 [49539, 45472],
 [45222, "ダーテング"],
 [45544, 45222],
 [47742, "ダーテング"],
 [46350, "チオンジェン"],
 [44321, "チオンジェン"],
 [46676, 44321],
 [43222, "チオンジェンex"],
 [43677, 43222],
 [43685, 43222],
 [44547, 43222],
 [45141, 43222],
 [47799, "チコリータ"],
 [48247, 47799],
 [48732, "チコリータ"],
 [49467, 48732],
 [49676, "チゴラス"],
 [48827, "チャオブー"],
 [49488, 48827],
 [47634, "チャオブー"],
 [48009, 47634],
 [48547, 47634],
 [48826, 47634],
 [45584, "チャデス"],
 [45663, 45584],
 [46678, 45584],
 [45704, "チャデス"],
 [48794, 45704],
 [45492, "チャーレム"],
 [47447, "チャーレム"],
 [48607, "チャーレム"],
 [49967, 48607],
 [45255, "チャーレム"],
 [49085, 45255],
 [49529, 45255],
 [42585, "チャーレム"],
 [45993, "チャーレムex"],
 [46168, 45993],
 [49086, 45993],
 [46461, "チュリネ"],
 [47542, "チュリネ"],
 [47915, 47542],
 [47630, "チョボマキ"],
 [48005, 47630],
 [47016, "チョボマキ"],
 [44293, "チョロネコ"],
 [47674, "チョロネコ"],
 [48046, 47674],
 [44084, "チョンチー"],
 [45969, "チョンチー"],
 [46562, "チラチーノ"],
 [47614, "チラチーノ"],
 [47982, 47614],
 [49320, 47614],
 [45206, "チラチーノ"],
 [45526, 45206],
 [47613, "チラーミィ"],
 [47981, 47613],
 [49319, 47613],
 [45205, "チラーミィ"],
 [45525, 45205],
 [46561, "チラーミィ"],
 [44340, "チリーン"],
 [45741, "チリーン"],
 [45848, 45741],
 [43928, "チルタリス"],
 [46270, "チルタリス"],
 [44358, "チルタリスex"],
 [44462, 44358],
 [44469, 44358],
 [44366, "チルット"],
 [44455, 44366],
 [43936, "チルット"],
 [46277, "チルット"],
 [45901, "チヲハウハネ"],
 [46748, 45901],
 [49139, 45901],
 [44287, "チヲハウハネ"],
 [44427, 44287],
 [47537, "ツタージャ"],
 [47911, 47537],
 [48756, 47537],
 [49637, "ツタージャ"],
 [47803, "ツチニン"],
 [43847, "ツボツボ"],
 [47802, "ツボツボ"],
 [48450, 47802],
 [48739, 47802],
 [47565, "ツンベアー"],
 [47938, 47565],
 [43869, "ツンベアー"],
 [47804, "テッカニン"],
 [48451, 47804],
 [44115, "テッシード"],
 [47685, "テッシード"],
 [48056, 47685],
 [47027, "テッポウオ"],
 [44075, "テッポウオ"],
 [45583, "テツノイサハ"],
 [45233, "テツノイサハex"],
 [45556, 45233],
 [45565, 45233],
 [45570, 45233],
 [46677, 45233],
 [47154, 45233],
 [48793, 45233],
 [49478, 45233],
 [45247, "テツノイバラ"],
 [45549, 45247],
 [46716, 45247],
 [48997, 45247],
 [45609, "テツノイバラex"],
 [45676, 45609],
 [46717, 45609],
 [48998, 45609],
 [45986, "テツノイワオ"],
 [46738, 45986],
 [49076, 45986],
 [45258, "テツノイワオex"],
 [45559, 45258],
 [45567, 45258],
 [45572, 45258],
 [49145, 45258],
 [49535, 45258],
 [45347, "テツノカイナ"],
 [48996, 45347],
 [44339, "テツノカイナex"],
 [44458, 44339],
 [44467, 44339],
 [46715, 44339],
 [47131, 44339],
 [46268, "テツノカシラ"],
 [49252, 46268],
 [49550, 46268],
 [45253, "テツノカシラex"],
 [45558, 45253],
 [45566, 45253],
 [45571, 45253],
 [46739, 45253],
 [47135, 45253],
 [49077, 45253],
 [44370, "テツノコウベ"],
 [44457, 44370],
 [46796, 44370],
 [45358, "テツノコウベ"],
 [49344, 45358],
 [46371, "テツノツツミ"],
 [44332, "テツノツツミ"],
 [44450, 44332],
 [46448, 44332],
 [46708, 44332],
 [45728, "テツノツツミ"],
 [45884, "テツノドクガ"],
 [44324, "テツノドクガ"],
 [44448, 44324],
 [46685, 44324],
 [45351, "テツノブジン"],
 [49073, 45351],
 [45252, "テツノブジン"],
 [44350, "テツノブジンex"],
 [44459, 44350],
 [44468, 44350],
 [44972, 44350],
 [46735, 44350],
 [47134, 44350],
 [45268, "テツノワダチ"],
 [46777, 45268],
 [42682, "テツノワダチex"],
 [43083, 42682],
 [43090, 42682],
 [44655, "テツノワダチex"],
 [45119, 44655],
 [47673, "テラキオン"],
 [48045, 47673],
 [46433, "テラパゴス"],
 [48666, 46433],
 [49345, 46433],
 [46027, "テラパゴスex"],
 [46170, 46027],
 [46178, 46027],
 [46181, 46027],
 [46797, 46027],
 [47147, 46027],
 [47158, 46027],
 [48667, 46027],
 [49346, 46027],
 [46271, "ディアルガ"],
 [47780, "ディアルガ"],
 [49218, 47780],
 [49545, 47780],
 [46537, "ディアルガex"],
 [45997, "ディアンシー"],
 [43009, "ディグダ"],
 [43371, "ディグダ"],
 [45623, "ディンルー"],
 [44289, "ディンルー"],
 [46750, 44289],
 [43185, "ディンルーex"],
 [43656, 43185],
 [43662, 43185],
 [44636, 43185],
 [44957, 43185],
 [45145, 43185],
 [44170, "デオキシス"],
 [47789, "デカグース"],
 [48432, 47789],
 [43028, "デカグース"],
 [44349, "デカヌチャン"],
 [44409, "デカヌチャン"],
 [43008, "デカヌチャン"],
 [44619, 43008],
 [45059, 43008],
 [47783, "デカヌチャン"],
 [49246, 47783],
 [43171, "デカヌチャンex"],
 [43655, 43171],
 [43661, 43171],
 [47659, "デスカーン"],
 [48032, 47659],
 [49038, 47659],
 [46392, "デスカーン"],
 [49037, 46392],
 [44277, "デスカーンex"],
 [44435, 44277],
 [47658, "デスマス"],
 [48031, 47658],
 [49036, 47658],
 [44276, "デスマス"],
 [44408, 44276],
 [46391, "デスマス"],
 [49035, 46391],
 [49661, "デデンネ"],
 [46395, "デデンネ"],
 [42757, "デデンネ"],
 [44173, "デデンネ"],
 [42577, "デデンネ"],
 [46505, 42577],
 [43003, "デデンネex"],
 [43294, 43003],
 [47848, "デリバード"],
 [48460, 47848],
 [42989, "デリバード"],
 [43725, 42989],
 [43913, "デルビル"],
 [44141, 43913],
 [43773, "デルビル"],
 [44215, 43773],
 [46530, "デルビル"],
 [49165, 46530],
 [45882, "デルビル"],
 [48813, 45882],
 [42641, "デルビル"],
 [44089, "デンチュラ"],
 [45877, "デンチュラ"],
 [48766, 45877],
 [47653, "デンチュラ"],
 [48026, 47653],
 [45972, "デンチュラex"],
 [46166, 45972],
 [46176, 45972],
 [48971, 45972],
 [45244, "デンヂムシ"],
 [45548, 45244],
 [48978, 45244],
 [45973, "デンヂムシ"],
 [45445, "デンリュウ"],
 [42735, "デンリュウex"],
 [49617, "トウホクのピカチュウ"],
 [46387, "トゲキッス"],
 [48588, 46387],
 [49009, 46387],
 [49963, 46387],
 [43887, "トゲキッス"],
 [46386, "トゲチック"],
 [48587, 46386],
 [49008, 46386],
 [43886, "トゲチック"],
 [46499, "トゲデマル"],
 [48980, 46499],
 [49514, 46499],
 [45975, "トゲデマル"],
 [48401, "トゲデマル"],
 [48496, 48401],
 [43785, "トゲデマル"],
 [49230, "トゲデマルex"],
 [49547, 49230],
 [46385, "トゲピー"],
 [48586, 46385],
 [49007, 46385],
 [43885, "トゲピー"],
 [45717, "トサキント"],
 [46689, 45717],
 [43439, "トサキント"],
 [46368, "トドグラー"],
 [48905, 46368],
 [46369, "トドゼルガ"],
 [48906, 46369],
 [45197, "トドロクツキ"],
 [46761, 45197],
 [44300, "トドロクツキex"],
 [44437, 44300],
 [44443, 44300],
 [44969, 44300],
 [46762, 44300],
 [47139, 44300],
 [47010, "トランセル"],
 [43332, "トランセル"],
 [46406, "トリトドン"],
 [45926, "トリミアン"],
 [49327, 45926],
 [46564, "トリミアン"],
 [49328, 46564],
 [49699, "トリミアン"],
 [46021, "トルネロス"],
 [47700, "トルネロス"],
 [48070, 47700],
 [49326, 47700],
 [45186, "トロッゴン"],
 [49126, 45186],
 [48618, "トロッゴン"],
 [42705, "トロピウス"],
 [42966, "トロピウス"],
 [43279, 42966],
 [44476, 42966],
 [46555, "トロピウス"],
 [49305, 46555],
 [43430, "ドガース"],
 [47064, "ドガース"],
 [43394, "ドククラゲ"],
 [48530, "ドクケイル"],
 [49955, 48530],
 [43177, "ドクロッグ"],
 [46523, 43177],
 [47764, "ドクロッグ"],
 [49100, 47764],
 [45899, "ドクロッグ"],
 [49099, 45899],
 [42601, "ドクロッグex"],
 [43055, 42601],
 [44302, "ドゴーム"],
 [44431, 44302],
 [45991, "ドサイドン"],
 [43174, "ドジョッチ"],
 [43310, 43174],
 [45151, "ドダイトスex"],
 [45527, 45151],
 [48752, 45151],
 [47586, "ドッコラー"],
 [47955, 47586],
 [49104, 47586],
 [45750, "ドッコラー"],
 [45851, 45750],
 [47587, "ドテッコツ"],
 [47956, 47587],
 [49105, 47587],
 [45751, "ドテッコツ"],
 [45475, "ドドゲザン"],
 [49189, 45475],
 [42604, "ドドゲザン"],
 [43049, 42604],
 [44647, 42604],
 [45080, 42604],
 [48640, "ドドゲザン"],
 [43924, "ドドゲザン"],
 [45772, "ドラパルトex"],
 [45862, 45772],
 [46781, 45772],
 [47142, 45772],
 [48656, 45772],
 [49264, 45772],
 [49684, "ドラピオン"],
 [45770, "ドラメシヤ"],
 [46779, 45770],
 [48654, 45770],
 [49262, 45770],
 [49971, 45770],
 [46258, "ドリュウズ"],
 [49102, 46258],
 [43784, "ドリュウズ"],
 [45257, "ドリュウズ"],
 [45551, 45257],
 [47585, "ドリュウズex"],
 [47987, 47585],
 [47995, 47585],
 [49103, 47585],
 [47543, "ドレディア"],
 [47916, 47543],
 [46462, "ドレディア"],
 [45183, "ドロバンコ"],
 [49120, 45183],
 [47340, "ドロバンコ"],
 [45771, "ドロンチ"],
 [46780, 45771],
 [48655, 45771],
 [49263, 45771],
 [49972, 45771],
 [43253, "ドンカラス"],
 [48266, "ドンカラス"],
 [46405, "ドンファン"],
 [49082, 46405],
 [44097, "ドンファン"],
 [44257, "ドンメル"],
 [47745, "ドンメル"],
 [48544, "ドンメル"],
 [49958, 48544],
 [43146, "ドンメル"],
 [45175, "ドータクン"],
 [46419, "ドータクン"],
 [49217, 46419],
 [46536, "ドータクン"],
 [48400, "ドータクン"],
 [43258, "ドータクン"],
 [43406, "ドードリオ"],
 [44666, 43406],
 [45094, 43406],
 [43405, "ドードー"],
 [44665, 43405],
 [45093, 43405],
 [48408, "ドーブル"],
 [46418, "ドーミラー"],
 [49216, 46418],
 [46535, "ドーミラー"],
 [43257, "ドーミラー"],
 [45174, "ドーミラー"],
 [45517, 45174],
 [48399, "ドーミラー"],
 [45149, "ナエトル"],
 [48750, 45149],
 [43007, "ナカヌチャン"],
 [44348, "ナカヌチャン"],
 [43170, "ナカヌチャン"],
 [43645, 43170],
 [44618, 43170],
 [45058, 43170],
 [47782, "ナカヌチャン"],
 [49245, 47782],
 [47589, "ナゲキ"],
 [47958, 47589],
 [43180, "ナゲツケサル"],
 [46260, "ナゲツケサル"],
 [49123, 46260],
 [48341, "ナゾノクサ"],
 [43843, "ナゾノクサ"],
 [43364, "ナゾノクサ"],
 [44524, 43364],
 [44977, 43364],
 [46455, 43364],
 [46254, "ナックラー"],
 [48385, "ナックラー"],
 [46342, "ナッシー"],
 [44167, "ナッシー"],
 [46459, "ナッシー"],
 [48727, 46459],
 [47738, "ナッシー"],
 [48423, 47738],
 [43424, "ナッシー"],
 [47686, "ナットレイ"],
 [48057, 47686],
 [44116, "ナットレイ"],
 [44388, 44116],
 [46422, "ナマケロ"],
 [46640, 46422],
 [49297, 46422],
 [43267, "ナマケロ"],
 [43175, "ナマズン"],
 [43871, "ナミイルカ"],
 [44569, 43871],
 [45014, 43871],
 [45725, "ナミイルカ"],
 [46705, 45725],
 [48930, 45725],
 [45168, "ナミイルカ"],
 [43872, "ナミイルカ"],
 [47039, "ナンジャモのカイデン"],
 [47167, 47039],
 [48580, 47039],
 [48994, 47039],
 [49518, 47039],
 [47037, "ナンジャモのズピカ"],
 [48578, 47037],
 [48989, 47037],
 [49516, 47037],
 [49616, 47037],
 [47040, "ナンジャモのタイカイデン"],
 [47224, 47040],
 [48581, 47040],
 [48995, 47040],
 [49519, 47040],
 [47038, "ナンジャモのハラバリーex"],
 [47234, 47038],
 [47245, 47038],
 [47250, 47038],
 [48579, "ナンジャモのハラバリーex"],
 [48990, 48579],
 [49517, 48579],
 [49996, 48579],
 [47034, "ナンジャモのビリリダマ"],
 [48950, 47034],
 [47035, "ナンジャモのマルマイン"],
 [48951, 47035],
 [49689, "ニダンギル"],
 [44118, "ニダンギル"],
 [46771, 44118],
 [44356, "ニダンギル"],
 [43355, "ニドキング"],
 [43959, 43355],
 [43352, "ニドクイン"],
 [43350, "ニドラン♀"],
 [43353, "ニドラン♂"],
 [43351, "ニドリーナ"],
 [43354, "ニドリーノ"],
 [49666, "ニャオニクス"],
 [46394, "ニャオニクス"],
 [49048, 46394],
 [42969, "ニャオハ"],
 [43280, 42969],
 [44535, 42969],
 [44987, 42969],
 [47018, "ニャオハ"],
 [48255, 47018],
 [48781, 47018],
 [49589, 47018],
 [46145, "ニャオハ"],
 [42970, "ニャオハ"],
 [42706, "ニャオハ"],
 [42726, 42706],
 [45418, "ニャオハex"],
 [45575, 45418],
 [48784, 45418],
 [50025, 45418],
 [49665, "ニャスパー"],
 [46393, "ニャスパー"],
 [49047, 46393],
 [45238, "ニャヒート"],
 [48847, 45238],
 [45237, "ニャビー"],
 [45547, 45237],
 [48846, 45237],
 [46017, "ニャルマー"],
 [49311, 46017],
 [49560, 46017],
 [42971, "ニャローテ"],
 [43281, 42971],
 [44536, 42971],
 [44988, 42971],
 [47019, "ニャローテ"],
 [48782, 47019],
 [49590, 47019],
 [42707, "ニャローテ"],
 [42727, 42707],
 [45923, "ニャース"],
 [46545, 45923],
 [47160, 45923],
 [43373, "ニャース"],
 [49694, "ニャースex"],
 [46529, "ニューラ"],
 [48388, "ニューラ"],
 [43186, "ニューラ"],
 [44642, 43186],
 [45075, 43186],
 [45888, "ニューラ"],
 [48886, 45888],
 [45715, "ニョロゾ"],
 [43382, "ニョロゾ"],
 [43961, 43382],
 [43383, "ニョロボン"],
 [45716, "ニョロボン"],
 [43381, "ニョロモ"],
 [45714, "ニョロモ"],
 [43699, "ニンフィア"],
 [45897, "ニンフィア"],
 [46729, 45897],
 [46504, "ニンフィア"],
 [46210, "ニンフィアex"],
 [46730, 46210],
 [47133, 46210],
 [49015, 46210],
 [47851, "ヌイコグマ"],
 [48461, 47851],
 [45927, "ヌイコグマ"],
 [46568, 45927],
 [49332, 45927],
 [45396, "ヌオー"],
 [47839, "ヌケニン"],
 [48458, 47839],
 [44168, "ネイティ"],
 [44205, 44168],
 [44601, 44168],
 [45042, 44168],
 [46721, 44168],
 [44169, "ネイティオ"],
 [44206, 44169],
 [44602, 44169],
 [45043, 44169],
 [46722, 44169],
 [45960, "ネオラント"],
 [48912, 45960],
 [47090, "ネッコアラ"],
 [46231, "ネマシュ"],
 [48774, 46231],
 [43892, "ネンドール"],
 [42548, "ノクタス"],
 [43264, "ノココッチ"],
 [43676, 43264],
 [45203, "ノココッチ"],
 [46791, 45203],
 [48483, 45203],
 [47087, "ノココッチex"],
 [47240, 47087],
 [49291, 47087],
 [45202, "ノコッチ"],
 [46790, 45202],
 [47086, "ノコッチ"],
 [49290, 47086],
 [43263, "ノコッチ"],
 [43794, 43263],
 [46549, 43263],
 [47444, "ノズパス"],
 [45619, "ノズパス"],
 [49669, "ノズパス"],
 [43899, "ノズパス"],
 [44318, "ノノクラゲ"],
 [42633, "ノノクラゲ"],
 [43067, 42633],
 [43314, 42633],
 [44541, 42633],
 [44992, 42633],
 [43767, "ノノクラゲ"],
 [46524, "ノノクラゲ"],
 [45421, "ノノクラゲ"],
 [48790, 45421],
 [42634, "ノノクラゲ"],
 [44319, "ノノクラゲ"],
 [42917, "ハカドッグ"],
 [43896, "ハカドッグ"],
 [42672, "ハカドッグ"],
 [44621, 42672],
 [45061, 42672],
 [47844, "ハカドッグ"],
 [48459, 47844],
 [49066, 47844],
 [45452, "ハカドッグex"],
 [45574, 45452],
 [49067, 45452],
 [49527, 45452],
 [43320, "ハカドッグex"],
 [44353, "ハガネール"],
 [44453, 44353],
 [47778, "ハガネール"],
 [48430, 47778],
 [42563, "ハギギシリ"],
 [46241, "ハギギシリ"],
 [46314, 46241],
 [43791, "ハクリュー"],
 [43469, "ハクリュー"],
 [43967, 43469],
 [48647, "ハクリュー"],
 [48346, "ハスブレロ"],
 [47030, "ハスブレロ"],
 [48892, 47030],
 [47029, "ハスボー"],
 [48891, 47029],
 [48345, "ハスボー"],
 [43919, "ハッサム"],
 [44142, 43919],
 [44652, 43919],
 [45085, 43919],
 [45261, "ハッサムex"],
 [45561, 45261],
 [46304, 45261],
 [49208, 45261],
 [49543, 45261],
 [47610, "ハトーボー"],
 [47978, 47610],
 [49315, 47610],
 [45275, "ハトーボー"],
 [43137, "ハネッコ"],
 [44528, 43137],
 [44981, 43137],
 [47625, "ハハコモリ"],
 [48001, 47625],
 [46399, "ハバタクカミ"],
 [49070, 46399],
 [45179, "ハバタクカミ"],
 [45519, 45179],
 [46733, 45179],
 [47494, 45179],
 [49071, 45179],
 [42684, "ハピナス"],
 [45776, "ハピナスex"],
 [45863, 45776],
 [49278, 45776],
 [43021, "ハブネーク"],
 [43775, 43021],
 [42599, "ハブネーク"],
 [48392, "ハブネーク"],
 [45150, "ハヤシガメ"],
 [45515, 45150],
 [48751, 45150],
 [43744, "ハラバリー"],
 [43308, "ハラバリー"],
 [45608, "ハラバリー"],
 [48988, 45608],
 [49597, 45608],
 [43883, "ハラバリー"],
 [44138, 43883],
 [43161, "ハラバリーex"],
 [43654, 43161],
 [43013, "ハリテヤマ"],
 [47758, "ハリテヤマ"],
 [43690, "ハルクジラ"],
 [42649, "ハルクジラ"],
 [43735, 42649],
 [43229, "ハルクジラ"],
 [46246, "ハルクジラ"],
 [46315, 46246],
 [48934, 46246],
 [47425, "ハルクジラex"],
 [47517, 47425],
 [47417, "ハンテール"],
 [43797, "ハーデリア"],
 [47695, "ハーデリア"],
 [48066, 47695],
 [46026, "バイウールー"],
 [47648, "バイバニラ"],
 [48022, 47648],
 [48917, 47648],
 [44331, "バイバニラ"],
 [42580, "バウッツェル"],
 [44613, 42580],
 [45053, 42580],
 [45985, "バウッツェルex"],
 [46167, 45985],
 [46177, 45985],
 [49064, 45985],
 [47637, "バオッキー"],
 [48012, 47637],
 [44323, "バオッキー"],
 [46237, "バオッキー"],
 [48831, 46237],
 [49491, 46237],
 [46236, "バオップ"],
 [48830, 46236],
 [49490, 46236],
 [44322, "バオップ"],
 [44406, 44322],
 [47636, "バオップ"],
 [48011, 47636],
 [44303, "バクオング"],
 [46273, "バクガメス"],
 [45291, "バクガメス"],
 [48852, 45291],
 [49650, "バクガメス"],
 [45954, "バクガメス"],
 [46153, 45954],
 [44258, "バクーダ"],
 [43147, "バクーダ"],
 [48545, "バクーダ"],
 [44341, "バケッチャ"],
 [47413, "バシャーモ"],
 [47505, 47413],
 [46470, "バシャーモex"],
 [47643, "バスラオ"],
 [48017, 47643],
 [47011, "バタフリー"],
 [43333, "バタフリー"],
 [45971, "バチュル"],
 [46156, 45971],
 [48970, 45971],
 [44088, "バチュル"],
 [44383, 44088],
 [47652, "バチュル"],
 [48025, 47652],
 [45876, "バチュル"],
 [43098, "バチンウニ"],
 [43158, "バチンウニ"],
 [43742, 43158],
 [45700, "バチンキー"],
 [46668, 45700],
 [46020, "バッフロン"],
 [46794, 46020],
 [48662, 46020],
 [43800, "バッフロン"],
 [46427, "バッフロン"],
 [47697, "バッフロンex"],
 [48076, 47697],
 [48084, 47697],
 [49321, 47697],
 [49563, 47697],
 [47646, "バニプッチ"],
 [48020, 47646],
 [48915, 47646],
 [44329, "バニプッチ"],
 [47647, "バニリッチ"],
 [48021, 47647],
 [48916, 47647],
 [44330, "バニリッチ"],
 [44449, 44330],
 [43001, "バネブー"],
 [47840, "バネブー"],
 [49021, 47840],
 [45248, "バリヤード"],
 [47042, "バリヤード"],
 [43443, "バリヤード"],
 [43964, 43443],
 [47756, "バルキー"],
 [47600, "バルジーナ"],
 [47969, 47600],
 [49191, "バルジーナex"],
 [49541, 49191],
 [49190, "バルチャイ"],
 [49540, 49190],
 [47599, "バルチャイ"],
 [47968, 47599],
 [45695, "バルビート"],
 [43188, "バンギラス"],
 [43647, 43188],
 [47066, "バンギラス"],
 [46532, "バンギラスex"],
 [43874, "バンギラスex"],
 [44148, 43874],
 [45184, "バンバドロ"],
 [45521, 45184],
 [49121, 45184],
 [47341, "バンバドロ"],
 [49122, 47341],
 [48361, "パウワウ"],
 [43407, "パウワウ"],
 [49651, "パウワウ"],
 [49686, "パオジアン"],
 [44333, "パオジアン"],
 [46709, 44333],
 [46372, "パオジアン"],
 [48565, 46372],
 [43235, "パオジアンex"],
 [43678, 43235],
 [43686, 43235],
 [44577, 43235],
 [44954, 43235],
 [45143, 43235],
 [45828, 43235],
 [47829, "パチリス"],
 [48963, 47829],
 [45406, "パチリス"],
 [42653, "パチリス"],
 [43071, 42653],
 [44585, 42653],
 [45029, 42653],
 [44304, "パッチール"],
 [42578, "パピモッチ"],
 [44612, 42578],
 [45052, 42578],
 [45984, "パピモッチ"],
 [49063, 45984],
 [42579, "パピモッチ"],
 [43045, 42579],
 [42821, "パフュートン"],
 [44499, 42821],
 [46576, "パフュートン"],
 [43805, "パフュートン"],
 [43940, "パフュートン"],
 [44674, 43940],
 [45102, 43940],
 [42614, "パフュートンex"],
 [43056, 42614],
 [45446, "パモ"],
 [43128, "パモ"],
 [43099, "パモ"],
 [43114, 43099],
 [43995, 43099],
 [42657, "パモ"],
 [43316, 42657],
 [48372, "パモ"],
 [42658, "パモ"],
 [44589, 42658],
 [45033, 42658],
 [45126, 42658],
 [46149, 42658],
 [43100, "パモット"],
 [43115, 43100],
 [43996, 43100],
 [48373, "パモット"],
 [42659, "パモット"],
 [43317, 42659],
 [44590, 42659],
 [45034, 42659],
 [47012, "パラス"],
 [48720, 47012],
 [43367, "パラス"],
 [43368, "パラセクト"],
 [47013, "パラセクト"],
 [48721, 47013],
 [46272, "パルキア"],
 [44080, "パルキア"],
 [43412, "パルシェン"],
 [45346, "パルスワン"],
 [48985, 45346],
 [49595, 45346],
 [48371, "パルスワン"],
 [46527, "パルデア ウパー"],
 [47161, 46527],
 [43909, "パルデア ウパー"],
 [43771, "パルデア ウパー"],
 [43018, "パルデア ウパー"],
 [43290, 43018],
 [44639, 43018],
 [45073, 43018],
 [43017, "パルデア ウパー"],
 [43910, "パルデア ウパー"],
 [46403, "パルデア ケンタロス"],
 [48382, "パルデア ケンタロス"],
 [43011, "パルデア ケンタロス"],
 [43289, 43011],
 [44626, 43011],
 [45065, 43011],
 [46351, "パルデア ケンタロス"],
 [48809, 46351],
 [42976, "パルデア ケンタロス"],
 [43714, 42976],
 [44550, 42976],
 [44998, 42976],
 [42986, "パルデア ケンタロス"],
 [44563, 42986],
 [45009, 42986],
 [46364, "パルデア ケンタロス"],
 [43911, "パルデア ドオー"],
 [43772, "パルデア ドオー"],
 [46528, "パルデア ドオーex"],
 [43019, "パルデア ドオーex"],
 [43296, 43019],
 [44640, 43019],
 [45118, 43019],
 [44342, "パンプジン"],
 [42660, "パーモット"],
 [43072, 42660],
 [44591, 42660],
 [45035, 42660],
 [48374, "パーモット"],
 [43101, "パーモット"],
 [43116, 43101],
 [43997, 43101],
 [43318, "パーモットex"],
 [47416, "パールル"],
 [47506, 47416],
 [45591, "ヒコザル"],
 [48819, 45591],
 [45618, "ヒスイ ウインディ"],
 [45617, "ヒスイ ガーディ"],
 [45670, 45617],
 [43854, "ヒトカゲ"],
 [44478, 43854],
 [44522, 43854],
 [43701, "ヒトカゲ"],
 [43325, "ヒトカゲ"],
 [43953, 43325],
 [44548, 43325],
 [44996, 43325],
 [45801, 43325],
 [48799, "ヒトカゲ"],
 [49480, 48799],
 [48351, "ヒトカゲ"],
 [44117, "ヒトツキ"],
 [44355, "ヒトツキ"],
 [46770, 44355],
 [49688, "ヒトツキ"],
 [43441, "ヒトデマン"],
 [44561, 43441],
 [45007, 43441],
 [49653, "ヒトデマン"],
 [47551, "ヒトモシ"],
 [47924, 47551],
 [45710, "ヒトモシ"],
 [43717, "ヒトモシ"],
 [43148, "ヒノヤコマ"],
 [43641, 43148],
 [46477, 43148],
 [49646, "ヒノヤコマ"],
 [46023, "ヒノヤコマ"],
 [47748, "ヒバニー"],
 [45955, "ヒバニー"],
 [48853, 45955],
 [50013, 45955],
 [45709, "ヒヒダルマ"],
 [43860, "ヒヒダルマ"],
 [47550, "ヒヒダルマ"],
 [47923, 47550],
 [48833, 47550],
 [48356, "ヒヒダルマ"],
 [47336, "ヒビキのウソッキー"],
 [47296, "ヒビキのカイロス"],
 [48523, 47296],
 [47312, "ヒビキのバクフーン"],
 [47371, 47312],
 [47310, "ヒビキのヒノアラシ"],
 [47331, "ヒビキのピチュー"],
 [48957, 47331],
 [47378, "ヒビキのホウオウex"],
 [47387, 47378],
 [47391, 47378],
 [47315, "ヒビキのホウオウex"],
 [48543, 47315],
 [49613, 47315],
 [47314, "ヒビキのマグカルゴ"],
 [48541, 47314],
 [49957, 47314],
 [47313, "ヒビキのマグマッグ"],
 [48540, 47313],
 [47311, "ヒビキのマグマラシ"],
 [49671, "ヒポポタス"],
 [46449, "ヒポポタス"],
 [46520, "ヒポポタス"],
 [45692, "ヒマナッツ"],
 [45947, "ヒメンカ"],
 [47557, "ヒヤッキー"],
 [47930, 47557],
 [44328, "ヒヤッキー"],
 [44327, "ヒヤップ"],
 [47556, "ヒヤップ"],
 [47929, 47556],
 [44616, "ヒラヒナ"],
 [45056, 44616],
 [42759, "ヒラヒナ"],
 [42581, "ヒラヒナ"],
 [43757, 42581],
 [46251, "ヒラヒナ"],
 [44343, "ヒラヒナ"],
 [42582, "ヒラヒナ"],
 [44344, "ヒラヒナ"],
 [45449, "ヒラヒナ"],
 [49618, "ヒロシマのピカチュウ"],
 [46365, "ヒンバス"],
 [46633, 46365],
 [48900, 46365],
 [45720, "ヒンバス"],
 [46696, 45720],
 [44325, "ヒンバス"],
 [47414, "ヒートロトム"],
 [44187, "ヒートロトム"],
 [46538, "ヒードラン"],
 [49219, 46538],
 [45767, "ヒードラン"],
 [46352, "ビクティニ"],
 [47548, "ビクティニ"],
 [47725, 47548],
 [47921, 47548],
 [48823, 47548],
 [49486, 47548],
 [49619, 47548],
 [45236, "ビクティニ"],
 [46472, 45236],
 [48822, 45236],
 [43716, "ビクティニex"],
 [42629, "ビビヨン"],
 [46346, "ビビヨン"],
 [46630, 46346],
 [49642, "ビビヨン"],
 [48386, "ビブラーバ"],
 [46255, "ビブラーバ"],
 [46317, 46255],
 [46466, "ビリジオン"],
 [48769, 46466],
 [49588, 46466],
 [47632, "ビリジオン"],
 [48007, 47632],
 [48770, 47632],
 [49473, 47632],
 [43421, "ビリリダマ"],
 [44580, 43421],
 [45024, 43421],
 [43095, "ビリリダマ"],
 [46496, 43095],
 [48949, "ビリリダマex"],
 [43211, "ビークイン"],
 [43893, "ビークインex"],
 [44149, 43893],
 [43334, "ビードル"],
 [43884, "ピィ"],
 [44139, 43884],
 [44600, 43884],
 [45041, 43884],
 [44030, "ピィ"],
 [42261, "ピカチュウ"],
 [43346, "ピカチュウ"],
 [43958, 43346],
 [47363, "ピカチュウ"],
 [44225, "ピカチュウ"],
 [46294, 44225],
 [48941, "ピカチュウ"],
 [49509, 48941],
 [45240, "ピカチュウ"],
 [46148, 45240],
 [48258, 45240],
 [43153, "ピカチュウ"],
 [43736, 43153],
 [44212, 43153],
 [44578, 43153],
 [45022, 43153],
 [46150, 43153],
 [46492, "ピカチュウex"],
 [43093, "ピカチュウex"],
 [43993, 43093],
 [46373, "ピカチュウex"],
 [46645, 46373],
 [46655, 46373],
 [46659, 46373],
 [47157, 46373],
 [48566, 46373],
 [49994, 46373],
 [45442, "ピカチュウex"],
 [45573, 45442],
 [48943, 45442],
 [49511, 45442],
 [50032, 45442],
 [49592, "ピカチュウex"],
 [43357, "ピクシー"],
 [45737, "ピクシー"],
 [49002, 45737],
 [43750, "ピクシーex"],
 [43339, "ピジョット"],
 [43931, "ピジョットex"],
 [44154, 43931],
 [44162, 43931],
 [44662, 43931],
 [45121, 43931],
 [45303, 43931],
 [45355, 43931],
 [46080, 43931],
 [47181, 43931],
 [47866, 43931],
 [43338, "ピジョン"],
 [44661, 43338],
 [45091, 43338],
 [45302, 43338],
 [45354, 43338],
 [46079, 43338],
 [47180, 43338],
 [47865, 43338],
 [43930, "ピジョン"],
 [44145, 43930],
 [45736, "ピッピ"],
 [49001, 45736],
 [43749, "ピッピ"],
 [44213, 43749],
 [43356, "ピッピ"],
 [49662, "ピッピ"],
 [46024, "ファイアロー"],
 [43149, "ファイアロー"],
 [46478, 43149],
 [49647, "ファイアロー"],
 [48354, "ファイヤー"],
 [43467, "ファイヤー"],
 [45804, 43467],
 [45598, "フィオネ"],
 [45666, 45598],
 [44113, "フォクスライ"],
 [47775, "フォクスライ"],
 [42681, "フォレトス"],
 [43782, 42681],
 [47466, "フォレトス"],
 [45260, "フォレトス"],
 [43141, "フォレトスex"],
 [43652, 43141],
 [44532, 43141],
 [45106, 43141],
 [44099, "フカマル"],
 [46742, 44099],
 [49620, "フクオカのピカチュウ"],
 [49644, "フクスロー"],
 [43709, "フクスロー"],
 [45879, "フクスロー"],
 [43323, "フシギソウ"],
 [43952, 43323],
 [44473, 43323],
 [47735, "フシギソウ"],
 [48422, 47735],
 [43700, "フシギダネ"],
 [43322, "フシギダネ"],
 [43951, 43322],
 [44472, 43322],
 [44521, 43322],
 [47734, "フシギダネ"],
 [48421, 47734],
 [43324, "フシギバナex"],
 [43969, 43324],
 [43985, 43324],
 [44474, 43324],
 [45759, "フシデ"],
 [49176, 45759],
 [47593, "フシデ"],
 [47962, 47593],
 [47641, "フタチマル"],
 [48015, 47641],
 [48387, "フライゴン"],
 [48494, 48387],
 [46256, "フライゴンex"],
 [46325, 46256],
 [45613, "フラエッテ"],
 [49045, 45613],
 [42667, "フラエッテ"],
 [45612, "フラベベ"],
 [49044, 45612],
 [42666, "フラベベ"],
 [45614, "フラージェス"],
 [49046, 45614],
 [42668, "フラージェス"],
 [47026, "フリーザー"],
 [47222, 47026],
 [48879, 47026],
 [43465, "フリーザー"],
 [43870, "フリージオ"],
 [47566, "フリージオ"],
 [47939, 47566],
 [46239, "フリージオ"],
 [48918, 46239],
 [46503, "フレフワン"],
 [49668, "フレフワン"],
 [42991, "フローゼル"],
 [43727, 42991],
 [47326, "フローゼル"],
 [48910, 47326],
 [42562, "フローゼル"],
 [42576, "フワライド"],
 [43755, 42576],
 [44607, 42576],
 [45047, 42576],
 [47170, "フワライド"],
 [45980, "フワライド"],
 [42575, "フワンテ"],
 [43754, 42575],
 [44606, 42575],
 [45046, 42575],
 [47169, "フワンテ"],
 [45979, "フワンテ"],
 [45740, "フーディン"],
 [46720, 45740],
 [47834, "フーディン"],
 [48457, 47834],
 [43386, "フーディンex"],
 [43975, 43386],
 [43988, 43386],
 [44598, 43386],
 [45112, 43386],
 [49198, "フーパ"],
 [44101, "フーパex"],
 [44394, 44101],
 [47325, "ブイゼル"],
 [48909, 47325],
 [42990, "ブイゼル"],
 [43726, 42990],
 [42561, "ブイゼル"],
 [46018, "ブニャット"],
 [49312, 46018],
 [49561, 46018],
 [44256, "ブビィ"],
 [44421, 44256],
 [43696, "ブラッキー"],
 [43912, "ブラッキー"],
 [46753, 43912],
 [46754, "ブラッキーex"],
 [47138, 46754],
 [49162, 46754],
 [49538, 46754],
 [46240, "ブラックキュレムex"],
 [46323, 46240],
 [48920, 46240],
 [49504, 46240],
 [48564, "ブリザポス"],
 [48403, "ブリジュラス"],
 [46012, "ブリジュラス"],
 [46161, 46012],
 [46774, 46012],
 [49241, 46012],
 [46266, "ブリジュラスex"],
 [46326, 46266],
 [46334, 46266],
 [48644, 46266],
 [49242, 46266],
 [47664, "ブルンゲルex"],
 [48074, 47664],
 [48082, 47664],
 [48285, "ブルー"],
 [49019, 48285],
 [43751, "ブルー"],
 [42646, "ブロスター"],
 [47816, "ブロスター"],
 [48454, 47816],
 [45769, "ブロロローム"],
 [44032, "ブロロローム"],
 [42607, "ブロロローム"],
 [43789, 42607],
 [44654, 42607],
 [45087, 42607],
 [46776, 42607],
 [45500, "ブロロローム"],
 [49248, 45500],
 [45890, "ブロロロームex"],
 [46055, 45890],
 [43927, "ブロロロームex"],
 [44153, 43927],
 [44161, 43927],
 [42605, "ブロロン"],
 [42919, 42605],
 [44653, "ブロロン"],
 [45086, 44653],
 [43925, "ブロロン"],
 [44143, 43925],
 [45768, "ブロロン"],
 [43926, "ブロロン"],
 [45918, "ブロロン"],
 [46775, 45918],
 [45499, "ブロロン"],
 [49247, 45499],
 [42606, "ブロロン"],
 [43788, 42606],
 [43694, "ブースター"],
 [43457, "ブースター"],
 [46682, 43457],
 [46683, "ブースターex"],
 [47123, 46683],
 [48810, 46683],
 [49484, 46683],
 [47021, "ブーバー"],
 [48807, 47021],
 [44185, "ブーバー"],
 [43447, "ブーバー"],
 [47022, "ブーバーン"],
 [48808, 47022],
 [44186, "ブーバーン"],
 [43002, "ブーピッグ"],
 [47841, "ブーピッグ"],
 [49022, 47841],
 [43163, "プクリン"],
 [44595, 43163],
 [45038, 43163],
 [48405, "プクリン"],
 [48497, 48405],
 [43361, "プクリンex"],
 [43974, 43361],
 [44664, 43361],
 [45122, 43361],
 [43463, "プテラ"],
 [44086, "プラスル"],
 [44381, 44086],
 [48404, "プリン"],
 [43360, "プリン"],
 [44663, 43360],
 [45092, 43360],
 [43162, "プリン"],
 [47663, "プルリル"],
 [48036, 47663],
 [45961, "プロトーガ"],
 [47561, "プロトーガ"],
 [47934, 47561],
 [47751, "ヘイガニ"],
 [45595, "ヘイガニ"],
 [48898, 45595],
 [42817, "ヘイラッシャ"],
 [44490, 42817],
 [42567, "ヘイラッシャ"],
 [43042, 42567],
 [44572, 42567],
 [45017, 42567],
 [44083, "ヘイラッシャ"],
 [47327, "ヘイラッシャex"],
 [47379, 47327],
 [48936, 47327],
 [45694, "ヘラクロス"],
 [48740, 45694],
 [42626, "ヘラクロス"],
 [43142, "ヘラクロス"],
 [43640, 43142],
 [43704, 43142],
 [46531, "ヘルガー"],
 [49166, 46531],
 [45883, "ヘルガー"],
 [46043, 45883],
 [48814, 45883],
 [42642, "ヘルガー"],
 [43914, "ヘルガー"],
 [43774, "ヘルガーex"],
 [48733, "ベイリーフ"],
 [49468, 48733],
 [47800, "ベイリーフ"],
 [42597, "ベトベター"],
 [43409, "ベトベター"],
 [42598, "ベトベトン"],
 [43410, "ベトベトン"],
 [46349, "ベラカス"],
 [45232, "ベラカス"],
 [46675, 45232],
 [43244, "ベラカス"],
 [43672, 43244],
 [44615, 43244],
 [45055, 43244],
 [46447, "ベラカスex"],
 [46003, "ベロバー"],
 [46510, "ベロバー"],
 [49059, 46510],
 [45271, "ベロベルト"],
 [43429, "ベロリンガ"],
 [45270, "ベロリンガ"],
 [45554, 45270],
 [47346, "ペパーのオラチフ"],
 [49199, 47346],
 [47342, "ペパーのノノクラゲ"],
 [49135, 47342],
 [47349, "ペパーのホシガリス"],
 [47382, "ペパーのマフィティフex"],
 [47389, 47382],
 [47347, "ペパーのマフィティフex"],
 [49200, 47347],
 [49542, 47347],
 [49615, 47347],
 [47350, "ペパーのヨクバリス"],
 [47376, 47350],
 [47343, "ペパーのリククラゲ"],
 [49136, 47343],
 [45204, "ペラップ"],
 [45524, 45204],
 [46558, 45204],
 [49313, 45204],
 [49562, 45204],
 [43266, "ペリッパー"],
 [44670, 43266],
 [45098, 43266],
 [46487, "ペリッパー"],
 [45924, "ペルシアン"],
 [46052, 45924],
 [46546, 45924],
 [43374, "ペルシアン"],
 [45742, "ペロッパフ"],
 [46728, 45742],
 [49049, "ペロッパフ"],
 [45743, "ペロリーム"],
 [49050, "ペロリーム"],
 [50018, 49050],
 [47595, "ペンドラー"],
 [47964, 47595],
 [45761, "ペンドラー"],
 [49178, 45761],
 [45760, "ホイーガ"],
 [49177, 45760],
 [47594, "ホイーガ"],
 [47963, 47594],
 [46186, "ホウオウ"],
 [47033, "ホエルオー"],
 [47223, 47033],
 [48897, 47033],
 [47032, "ホエルコ"],
 [48896, 47032],
 [46146, "ホゲータ"],
 [46357, "ホゲータ"],
 [48256, 46357],
 [48858, 46357],
 [42982, "ホゲータ"],
 [44553, 42982],
 [45001, 42982],
 [44189, "ホゲータ"],
 [44207, 44189],
 [42730, "ホゲータ"],
 [42750, 42730],
 [42983, "ホゲータ"],
 [43283, 42983],
 [43801, "ホシガリス"],
 [46571, "ホシガリス"],
 [42685, "ホシガリス"],
 [43077, 42685],
 [44671, 42685],
 [45099, 42685],
 [47092, "ホップのアオガラス"],
 [49339, 47092],
 [47076, "ホップのアーマーガア"],
 [49236, 47076],
 [47095, "ホップのウッウ"],
 [48665, 47095],
 [49340, 47095],
 [47093, "ホップのウールー"],
 [47232, 47093],
 [48663, 47093],
 [48600, "ホップのオーロット"],
 [49964, 48600],
 [47083, "ホップのカビゴン"],
 [48658, 47083],
 [49285, 47083],
 [47091, "ホップのココガラ"],
 [49338, 47091],
 [47062, "ホップのサダイジャ"],
 [47077, "ホップのザシアンex"],
 [47238, 47077],
 [47248, 47077],
 [48645, 47077],
 [49243, "ホップのザシアンex"],
 [47061, "ホップのスナヘビ"],
 [47094, "ホップのバイウールー"],
 [48664, 47094],
 [47168, "ホップのバチンウニex"],
 [48599, "ホップのボクレー"],
 [49696, "ホルビー"],
 [43937, "ホルビー"],
 [43902, "ホルード"],
 [49697, "ホルード"],
 [45200, "ホーホー"],
 [46015, "ホーホー"],
 [46192, 46015],
 [47182, 46015],
 [47867, 46015],
 [48659, 46015],
 [49288, 46015],
 [46788, "ホーホー"],
 [43849, "ボクレー"],
 [45697, "ボクレー"],
 [48771, 45697],
 [45766, "ボスゴドラ"],
 [42670, "ボチ"],
 [43074, 42670],
 [43319, 42670],
 [44620, 42670],
 [45060, 42670],
 [43894, "ボチ"],
 [43895, "ボチ"],
 [45451, "ボチ"],
 [42671, "ボチ"],
 [47843, "ボチ"],
 [49065, 47843],
 [49526, 47843],
 [47747, "ボルケニオン"],
 [44188, "ボルケニオン"],
 [44482, 44188],
 [49657, "ボルケニオン"],
 [47025, "ボルケニオンex"],
 [47233, 47025],
 [47244, 47025],
 [48845, 47025],
 [49495, 47025],
 [43878, "ボルトロス"],
 [44586, 43878],
 [45030, 43878],
 [47572, "ボルトロス"],
 [47944, 47572],
 [48974, 47572],
 [47080, "ボーマンダex"],
 [47239, 47080],
 [47249, 47080],
 [49256, 47080],
 [47633, "ポカブ"],
 [48008, 47633],
 [48546, 47633],
 [48824, 47633],
 [48825, "ポカブ"],
 [49487, 48825],
 [45194, "ポチエナ"],
 [49167, 45194],
 [45757, "ポチエナ"],
 [48368, "ポッタイシ"],
 [48367, "ポッチャマ"],
 [48491, 48367],
 [43243, "ポットデス"],
 [43337, "ポッポ"],
 [44660, 43337],
 [45090, 43337],
 [45301, 43337],
 [45353, 43337],
 [46078, 43337],
 [47179, 43337],
 [43929, "ポッポ"],
 [44144, 43929],
 [47864, 43929],
 [45423, "ポニータ"],
 [48803, 45423],
 [49483, 45423],
 [43398, "ポニータ"],
 [47308, "ポニータ"],
 [45289, "ポニータ"],
 [48802, 45289],
 [43138, "ポポッコ"],
 [44529, 43138],
 [44982, 43138],
 [43458, "ポリゴン"],
 [44360, "ポリゴン"],
 [44361, "ポリゴン2"],
 [44411, 44361],
 [44362, "ポリゴンZ"],
 [44456, 44362],
 [46235, "ポワルン たいようのすがた"],
 [46313, 46235],
 [48818, 46235],
 [44087, "マイナン"],
 [44382, 44087],
 [47075, "マギアナ"],
 [48642, 47075],
 [49231, 47075],
 [47757, "マクノシタ"],
 [48250, 47757],
 [43012, "マクノシタ"],
 [45235, "マグカルゴ"],
 [45589, "マグカルゴex"],
 [45675, 45589],
 [48812, 45589],
 [45588, "マグマッグ"],
 [48811, 45588],
 [45234, "マグマッグ"],
 [43178, "マケンカニ"],
 [45998, "マケンカニ"],
 [49117, 45998],
 [46232, "マシェード"],
 [46312, 46232],
 [48775, 46232],
 [45746, "マシマシラ"],
 [45849, 45746],
 [46736, 45746],
 [48249, 45746],
 [48603, 45746],
 [49074, 45746],
 [45912, "マシマシラex"],
 [46057, 45912],
 [46065, 45912],
 [46764, 45912],
 [42708, "マスカーニャ"],
 [42728, 42708],
 [47020, "マスカーニャ"],
 [48783, 47020],
 [49591, 47020],
 [42972, "マスカーニャex"],
 [43291, 42972],
 [43301, 42972],
 [44537, 42972],
 [44951, 42972],
 [45107, 42972],
 [45944, "マスキッパ"],
 [43431, "マタドガス"],
 [47065, "マタドガス"],
 [43390, "マダツボミ"],
 [46380, "マッギョ"],
 [46636, 46380],
 [48572, "マッギョ"],
 [47654, "マッギョ"],
 [48027, 47654],
 [43901, "マッギョ"],
 [49110, "マッギョex"],
 [49531, 49110],
 [50026, 49110],
 [48410, "マッスグマ"],
 [43935, "マッスグマ"],
 [44494, 43935],
 [46553, 43935],
 [45889, "マニューラ"],
 [48887, 45889],
 [50014, 45889],
 [43187, "マニューラ"],
 [44643, 43187],
 [45076, 43187],
 [48389, "マニューラ"],
 [44608, "マネネ"],
 [45048, 44608],
 [42679, "マフィティフ"],
 [43075, 42679],
 [43779, 42679],
 [44649, 42679],
 [45082, 42679],
 [43256, "マフィティフ"],
 [43311, "マフィティフex"],
 [45983, "マホイップ"],
 [48292, "マホイップ"],
 [46514, "マホイップex"],
 [46513, "マホミル"],
 [48291, "マホミル"],
 [45982, "マホミル"],
 [46158, 45982],
 [47563, "ママンボウ"],
 [47936, 47563],
 [42753, "ママンボウ"],
 [43728, 42753],
 [44488, 42753],
 [44254, "マメバッタ"],
 [42973, "マメバッタ"],
 [42974, "マメバッタ"],
 [48349, "マメバッタ"],
 [48488, 48349],
 [44255, "マメバッタ"],
 [46467, "マメバッタ"],
 [45419, "マメバッタ"],
 [45274, "マメパト"],
 [47609, "マメパト"],
 [47977, 47609],
 [49314, 47609],
 [48529, "マユルド"],
 [47544, "マラカッチ"],
 [47917, 47544],
 [44249, "マラカッチ"],
 [47014, "マラカッチ"],
 [47221, 47014],
 [47259, "マリィのオーロンゲex"],
 [50003, 47259],
 [47258, "マリィのギモー"],
 [47256, "マリィのズルズキン"],
 [49180, 47256],
 [47255, "マリィのズルッグ"],
 [49179, 47255],
 [47253, "マリィのチョロネコ"],
 [49174, 47253],
 [47257, "マリィのベロバー"],
 [47260, "マリィのモルペコ"],
 [47290, 47260],
 [47254, "マリィのレパルダス"],
 [49175, 47254],
 [46208, "マリル"],
 [49010, 46208],
 [49011, "マリル"],
 [50016, 49011],
 [45172, "マリル"],
 [45467, "マリル"],
 [43223, "マリル"],
 [43666, 43223],
 [46483, 43223],
 [46209, "マリルリ"],
 [45468, "マリルリ"],
 [43224, "マリルリ"],
 [46484, 43224],
 [45173, "マリルリ"],
 [49012, 45173],
 [49013, "マリルリex"],
 [49522, 49013],
 [46001, "マルノーム"],
 [43096, "マルマイン"],
 [46497, 43096],
 [43422, "マルマイン"],
 [44581, 43422],
 [45025, 43422],
 [46356, "マルヤクデ"],
 [48857, 46356],
 [45157, "マルヤクデ"],
 [47809, "マルヤクデ"],
 [43377, "マンキー"],
 [43245, "マンキー"],
 [42673, "マンキー"],
 [44002, 42673],
 [44623, 42673],
 [45062, 42673],
 [46400, "マンキー"],
 [47438, "マンキー"],
 [47811, "マンタイン"],
 [48889, 47811],
 [46206, "マンタイン"],
 [48888, 46206],
 [48365, "マンムー"],
 [47054, "マンムーex"],
 [47236, 47054],
 [49080, 47054],
 [43917, "マーイーカ"],
 [45908, "マーイーカ"],
 [47765, "マーシャドー"],
 [48426, 47765],
 [49124, 47765],
 [43164, "ミカルゲ"],
 [44609, 43164],
 [45049, 43164],
 [42676, "ミカルゲ"],
 [47772, "ミカルゲ"],
 [48428, 47772],
 [49171, 47772],
 [44272, "ミガルーサ"],
 [44423, 44272],
 [43230, "ミガルーサ"],
 [44571, 43230],
 [45016, 43230],
 [45966, "ミガルーサ"],
 [48935, 45966],
 [46126, "ミガルーサex"],
 [47640, "ミジュマル"],
 [48014, 47640],
 [43848, "ミツハニー"],
 [43210, "ミツハニー"],
 [43468, "ミニリュウ"],
 [43790, "ミニリュウ"],
 [48646, "ミニリュウ"],
 [43711, "ミニーブ"],
 [42551, "ミニーブ"],
 [42552, "ミニーブ"],
 [42914, 42552],
 [44538, 42552],
 [44989, 42552],
 [47403, "ミニーブ"],
 [48785, 47403],
 [49475, 47403],
 [47692, "ミネズミ"],
 [48063, 47692],
 [43262, "ミミズズ"],
 [43674, 43262],
 [44121, "ミミズズ"],
 [46013, "ミミズズex"],
 [46169, 46013],
 [49249, 46013],
 [48290, "ミミッキュ"],
 [43241, "ミミッキュ"],
 [44611, 43241],
 [45051, 43241],
 [45127, 43241],
 [45795, 43241],
 [46213, 43241],
 [46508, "ミミッキュex"],
 [42758, "ミミッキュex"],
 [47850, "ミミロップ"],
 [49310, 47850],
 [49559, 47850],
 [46557, "ミミロップ"],
 [46556, "ミミロル"],
 [47849, "ミミロル"],
 [49309, 47849],
 [49558, 47849],
 [48411, "ミミロル"],
 [43472, "ミュウex"],
 [43980, 43472],
 [43990, 43472],
 [44599, 43472],
 [44960, 43472],
 [45113, 43472],
 [45133, 43472],
 [46077, 43472],
 [47176, 43472],
 [47861, 43472],
 [43471, "ミュウツー"],
 [43968, 43471],
 [45448, "ミュウツー"],
 [44165, "ミュウツーex"],
 [45269, "ミライドン"],
 [45404, 45269],
 [46784, 45269],
 [49268, 45269],
 [46384, "ミライドン"],
 [45447, "ミライドン"],
 [48999, 45447],
 [42818, "ミライドン"],
 [43132, 42818],
 [44001, 42818],
 [45352, "ミライドンex"],
 [49269, 45352],
 [49000, "ミライドンex"],
 [49520, 49000],
 [43748, "ミライドンex"],
 [42661, "ミライドンex"],
 [43081, 42661],
 [43089, 42661],
 [44594, 42661],
 [44948, 42661],
 [45144, 42661],
 [44365, "ミルタンク"],
 [47787, "ミルタンク"],
 [49294, 47787],
 [46550, "ミルタンク"],
 [47693, "ミルホッグ"],
 [48064, 47693],
 [44326, "ミロカロス"],
 [45721, "ミロカロス"],
 [46697, 45721],
 [46366, "ミロカロスex"],
 [46644, 46366],
 [46654, 46366],
 [48901, 46366],
 [48589, "ムウマ"],
 [49962, 48589],
 [42999, "ムウマ"],
 [48375, "ムウマ"],
 [48590, "ムウマージ"],
 [43000, "ムウマージ"],
 [43288, 43000],
 [48376, "ムウマージex"],
 [48503, 48376],
 [42610, "ムクバード"],
 [42611, "ムクホーク"],
 [48269, "ムゲンダイナ"],
 [46420, "ムゲンダイナ"],
 [47575, "ムシャーナ"],
 [47946, 47575],
 [46247, "ムチュール"],
 [42609, "ムックル"],
 [43050, 42609],
 [47574, "ムンナ"],
 [47945, 47574],
 [47696, "ムーランド"],
 [48067, 47696],
 [43798, "ムーランド"],
 [42549, "メェークル"],
 [47771, "メガアブソルex"],
 [48436, 47771],
 [48446, 47771],
 [49687, "メガエアームドex"],
 [49716, "メガエルレイドex"],
 [48829, "メガエンブオーex"],
 [49489, 48829],
 [50030, 48829],
 [48885, "メガオーダイルex"],
 [49501, 48885],
 [50031, 48885],
 [48648, "メガカイリューex"],
 [49992, 48648],
 [50006, 48648],
 [50010, 48648],
 [47847, "メガガルーラex"],
 [48466, 47847],
 [48475, 47847],
 [47779, "メガクチートex"],
 [48437, 47779],
 [48264, "メガゲンガーex"],
 [49990, 48264],
 [50000, 48264],
 [48391, "メガサメハダーex"],
 [48504, 48391],
 [48519, 48391],
 [47838, "メガサーナイトex"],
 [48464, 47838],
 [48473, 47838],
 [48478, 47838],
 [48593, 47838],
 [49986, 47838],
 [48571, "メガシビルドンex"],
 [49985, 48571],
 [49995, 48571],
 [49679, "メガジガルデex"],
 [49654, "メガスターミーex"],
 [48632, "メガズルズキンex"],
 [49991, 48632],
 [50001, 48632],
 [49318, "メガタブンネex"],
 [50027, 49318],
 [48289, "メガディアンシーex"],
 [49987, 48289],
 [49998, 48289],
 [47801, "メガニウム"],
 [47746, "メガバクーダex"],
 [48434, 47746],
 [49663, "メガピクシーex"],
 [47736, "メガフシギバナex"],
 [48433, 47736],
 [48444, 47736],
 [48344, "メガヘラクロスex"],
 [48499, 48344],
 [48412, "メガミミロップex"],
 [48506, 48412],
 [48520, 48412],
 [48734, "メガメガニウムex"],
 [49469, 48734],
 [50029, 48734],
 [46125, "メガヤンマ"],
 [47298, "メガヤンマex"],
 [47377, 47298],
 [47386, 47298],
 [48525, 47298],
 [48738, 47298],
 [47814, "メガユキノオーex"],
 [48462, 47814],
 [48558, "メガユキメノコex"],
 [49984, 48558],
 [49993, 48558],
 [47828, "メガライボルトex"],
 [48463, 47828],
 [47845, "メガラティアスex"],
 [48465, 47845],
 [48474, 47845],
 [48353, "メガリザードンXex"],
 [48500, 48353],
 [48516, 48353],
 [48522, 48353],
 [49983, 48353],
 [48801, "メガリザードンYex"],
 [49482, 48801],
 [50034, 48801],
 [47762, "メガルカリオex"],
 [48435, 47762],
 [48445, 47762],
 [48449, 47762],
 [48614, 47762],
 [49988, 47762],
 [48616, "メガルチャブルex"],
 [49989, 48616],
 [49999, 48616],
 [48393, "メグロコ"],
 [47596, "メグロコ"],
 [47965, 47596],
 [42588, "メグロコ"],
 [43047, 42588],
 [43764, 42588],
 [47047, "メタグロス"],
 [45265, "メタグロス"],
 [45552, 45265],
 [43453, "メタモン"],
 [44667, 43453],
 [45095, 43453],
 [46127, 43453],
 [47046, "メタング"],
 [45264, "メタング"],
 [46768, 45264],
 [49213, 45264],
 [47817, "メッソン"],
 [44102, "メテノ"],
 [44386, 44102],
 [43393, "メノクラゲ"],
 [47629, "メブキジカ"],
 [48004, 47629],
 [45226, "メブキジカ"],
 [45546, 45226],
 [47554, "メラルバ"],
 [47927, 47554],
 [46353, "メラルバ"],
 [46631, 46353],
 [48837, 46353],
 [42977, "メラルバ"],
 [43720, 42977],
 [46474, "メラルバ"],
 [45443, "メリープ"],
 [42733, "メリープ"],
 [45497, "メルタン"],
 [49233, 45497],
 [43786, "メルタン"],
 [44216, 43786],
 [46009, "メルタン"],
 [45266, "メルタン"],
 [45553, 45266],
 [49232, 45266],
 [46010, "メルメタル"],
 [45267, "メルメタル"],
 [49234, 45267],
 [45498, "メルメタルex"],
 [49235, 45498],
 [43787, "メルメタルex"],
 [49116, "メレシー"],
 [50020, 49116],
 [48288, "メロエッタ"],
 [48306, 48288],
 [47583, "メロエッタex"],
 [47986, 47583],
 [47994, 47583],
 [45592, "モウカザル"],
 [48820, 45592],
 [43708, "モクロー"],
 [44209, 43708],
 [45878, "モクロー"],
 [49643, "モクロー"],
 [47584, "モグリュー"],
 [47954, 47584],
 [49101, 47584],
 [43763, "モグリュー"],
 [46257, "モグリュー"],
 [45256, "モグリュー"],
 [46744, 45256],
 [45444, "モココ"],
 [42734, "モココ"],
 [42916, "モココ"],
 [47798, "モジャンボ"],
 [45578, "モジャンボ"],
 [48729, 45578],
 [45166, "モスノウ"],
 [47821, "モスノウ"],
 [48563, "モスノウ"],
 [42762, "モトトカゲ"],
 [43810, 42762],
 [44007, 42762],
 [46578, 42762],
 [45428, "モトトカゲ"],
 [49343, 45428],
 [49566, 45428],
 [42692, "モトトカゲ"],
 [44659, "モトトカゲ"],
 [45089, 44659],
 [44124, "モトトカゲ"],
 [44390, 44124],
 [44026, "モトトカゲ"],
 [46280, "モトトカゲex"],
 [46328, 46280],
 [42822, "モトトカゲex"],
 [43022, "モノズ"],
 [46410, "モノズ"],
 [47682, "モノズ"],
 [48054, 47682],
 [49192, 47682],
 [48637, "モモワロウ"],
 [46415, "モモワロウ"],
 [49206, 46415],
 [45914, "モモワロウex"],
 [46059, 45914],
 [46067, 45914],
 [46069, 45914],
 [46766, 45914],
 [47140, 45914],
 [49207, 45914],
 [43370, "モルフォン"],
 [44297, "モルペコ"],
 [44429, 44297],
 [46759, 44297],
 [45606, "モルペコ"],
 [48986, 45606],
 [49515, 45606],
 [42968, "モロバレル"],
 [43707, 42968],
 [47547, "モロバレル"],
 [47920, 47547],
 [48765, 47547],
 [46464, "モロバレルex"],
 [47797, "モンジャラ"],
 [43435, "モンジャラ"],
 [43963, 43435],
 [45577, "モンジャラ"],
 [48728, 45577],
 [47626, "モンメン"],
 [48002, 47626],
 [48759, 47626],
 [45153, "モンメン"],
 [46665, 45153],
 [48377, "モンメン"],
 [44171, "モンメン"],
 [46355, "ヤクデ"],
 [47808, "ヤクデ"],
 [45156, "ヤクデ"],
 [48856, 45156],
 [43891, "ヤジロン"],
 [43025, "ヤトウモリ"],
 [43776, 43025],
 [45952, "ヤトウモリ"],
 [48850, 45952],
 [49648, "ヤトウモリ"],
 [45978, "ヤドキング"],
 [46482, "ヤドキング"],
 [43237, "ヤドキングex"],
 [43679, 43237],
 [42644, "ヤドラン"],
 [44560, 42644],
 [45006, 42644],
 [43401, "ヤドラン"],
 [42643, "ヤドン"],
 [43069, 42643],
 [44559, 42643],
 [45005, 42643],
 [46481, "ヤドン"],
 [45977, "ヤドン"],
 [43400, "ヤドン"],
 [43236, "ヤドン"],
 [47541, "ヤナッキー"],
 [47914, 47541],
 [44248, "ヤナッキー"],
 [44247, "ヤナップ"],
 [47540, "ヤナップ"],
 [47913, 47540],
 [45705, "ヤバソチャ"],
 [46679, 45705],
 [45585, "ヤバソチャex"],
 [45674, 45585],
 [45684, 45585],
 [46680, 45585],
 [48795, 45585],
 [43242, "ヤバチャ"],
 [43309, 43242],
 [47678, "ヤブクロン"],
 [48050, 47678],
 [49181, 47678],
 [44295, "ヤブクロン"],
 [46755, 44295],
 [48265, "ヤミカラス"],
 [43252, "ヤミカラス"],
 [44641, 43252],
 [45074, 43252],
 [45196, "ヤミラミ"],
 [49169, 45196],
 [43020, "ヤミラミ"],
 [44644, 43020],
 [45077, 43020],
 [48267, "ヤミラミ"],
 [43197, "ヤヤコマ"],
 [46563, 43197],
 [46022, "ヤヤコマ"],
 [49698, "ヤヤコマ"],
 [43268, "ヤルキモノ"],
 [46423, "ヤルキモノ"],
 [49298, 46423],
 [46430, "ヤレユータン"],
 [49334, 46430],
 [43004, "ヤレユータン"],
 [43756, 43004],
 [43027, "ヤングース"],
 [47788, "ヤングース"],
 [47058, "ヤンチャム"],
 [49115, 47058],
 [48615, "ヤンチャム"],
 [45996, "ヤンチャム"],
 [46124, "ヤンヤンマ"],
 [47297, "ヤンヤンマ"],
 [47365, 47297],
 [48524, 47297],
 [48737, 47297],
 [43212, "ユキカブリ"],
 [44533, 43212],
 [44985, 43212],
 [47419, "ユキカブリ"],
 [47813, "ユキカブリ"],
 [48453, 47813],
 [43213, "ユキノオー"],
 [44534, 43213],
 [44986, 43213],
 [47420, "ユキノオー"],
 [47820, "ユキハミ"],
 [45165, "ユキハミ"],
 [45516, 45165],
 [48562, "ユキハミ"],
 [45724, "ユキメノコ"],
 [45846, 45724],
 [46699, 45724],
 [44073, "ユキメノコex"],
 [44391, 44073],
 [45722, "ユキワラシ"],
 [46488, 45722],
 [46698, 45722],
 [48902, 45722],
 [44077, "ユキワラシ"],
 [44379, 44077],
 [48557, "ユキワラシ"],
 [49960, 48557],
 [46388, "ユクシー"],
 [49030, 46388],
 [47576, "ユニラン"],
 [47947, 47576],
 [45176, "ユニラン"],
 [45943, "ユレイドル"],
 [45739, "ユンゲラー"],
 [46719, 45739],
 [43385, "ユンゲラー"],
 [44597, 43385],
 [45040, 43385],
 [47833, "ユンゲラー"],
 [42686, "ヨクバリス"],
 [44672, 42686],
 [45100, 42686],
 [46572, "ヨクバリス"],
 [43802, "ヨクバリスex"],
 [45895, "ヨノワール"],
 [46047, 45895],
 [46727, 45895],
 [48596, 45895],
 [49026, 45895],
 [45893, "ヨマワル"],
 [46045, 45893],
 [46725, 45893],
 [48594, 45893],
 [49024, 45893],
 [46016, "ヨルノズク"],
 [46133, 46016],
 [46162, 46016],
 [46193, 46016],
 [46789, 46016],
 [47183, 46016],
 [47868, 46016],
 [48660, 46016],
 [49289, 46016],
 [45201, "ヨルノズク"],
 [43897, "ヨーギラス"],
 [44140, 43897],
 [47055, "ヨーギラス"],
 [46516, "ヨーギラス"],
 [43172, "ヨーギラス"],
 [43796, "ヨーテリー"],
 [47694, "ヨーテリー"],
 [48065, 47694],
 [47826, "ライコウ"],
 [43347, "ライチュウ"],
 [44579, 43347],
 [45023, 43347],
 [45241, "ライチュウ"],
 [48942, "ライチュウ"],
 [49510, 48942],
 [43154, "ライチュウ"],
 [43642, 43154],
 [43737, 43154],
 [47333, "ライボルト"],
 [48959, 47333],
 [42732, "ラウドボーン"],
 [42752, 42732],
 [46359, "ラウドボーン"],
 [48860, 46359],
 [44192, "ラウドボーンex"],
 [42985, "ラウドボーンex"],
 [43292, 42985],
 [43302, 42985],
 [44555, 42985],
 [44952, 42985],
 [45110, 42985],
 [47332, "ラクライ"],
 [47374, 47332],
 [48958, 47332],
 [47827, "ラクライ"],
 [42683, "ラッキー"],
 [43434, "ラッキー"],
 [45775, "ラッキー"],
 [45855, 45775],
 [49277, 45775],
 [43341, "ラッタ"],
 [49693, "ラッタ"],
 [45348, "ラティアス"],
 [49027, 45348],
 [44838, "ラティアス"],
 [46248, "ラティアスex"],
 [46324, 46248],
 [46333, 46248],
 [48317, 46248],
 [48597, 46248],
 [49028, 46248],
 [49524, 46248],
 [44273, "ラティオス"],
 [46249, "ラティオス"],
 [46316, 46249],
 [49029, 46249],
 [49525, 46249],
 [47846, "ラティオス"],
 [47749, "ラビフット"],
 [45956, "ラビフット"],
 [46154, 45956],
 [48854, 45956],
 [43366, "ラフレシア"],
 [44526, 43366],
 [44979, 43366],
 [46457, 43366],
 [48343, "ラフレシア"],
 [43225, "ラブカス"],
 [45615, "ラブトロス"],
 [45669, 45615],
 [49062, 45615],
 [43724, "ラプラス"],
 [44074, "ラプラス"],
 [43452, "ラプラス"],
 [45466, "ラプラス"],
 [48875, 45466],
 [48248, "ラプラスex"],
 [45958, "ラプラスex"],
 [46165, 45958],
 [47399, "ラランテス"],
 [47836, "ラルトス"],
 [48259, 47836],
 [48591, 47836],
 [49714, 47836],
 [42572, "ラルトス"],
 [43043, 42572],
 [44603, 42572],
 [45044, 42572],
 [45178, "ランクルス"],
 [45518, 45178],
 [47578, "ランクルス"],
 [47949, 47578],
 [45970, "ランターン"],
 [44085, "ランターン"],
 [49673, "ランドロス"],
 [46259, "ランドロス"],
 [49113, 46259],
 [47592, "ランドロス"],
 [47961, 47592],
 [49114, 47592],
 [47552, "ランプラー"],
 [47925, 47552],
 [45711, "ランプラー"],
 [43718, "ランプラー"],
 [45493, "リオル"],
 [49095, 45493],
 [46518, "リオル"],
 [42586, "リオル"],
 [43046, 42586],
 [43761, 42586],
 [44214, 42586],
 [44627, 42586],
 [45066, 42586],
 [42710, "リオル"],
 [47761, "リオル"],
 [48260, 47761],
 [48425, 47761],
 [48613, 47761],
 [43196, "リキキリン"],
 [43651, 43196],
 [45611, "リキキリン"],
 [49018, 45611],
 [45259, "リキキリンex"],
 [45560, 45259],
 [49202, 45259],
 [42635, "リククラゲ"],
 [44320, "リククラゲ"],
 [44447, 44320],
 [43768, "リククラゲ"],
 [46525, "リククラゲ"],
 [45422, "リククラゲ"],
 [48791, 45422],
 [43315, "リククラゲex"],
 [44542, 43315],
 [45108, 43315],
 [45349, "リグレー"],
 [49042, 45349],
 [47579, "リグレー"],
 [47950, 47579],
 [48800, "リザード"],
 [49481, 48800],
 [43326, "リザード"],
 [43954, 43326],
 [44479, 43326],
 [45802, 43326],
 [48352, "リザード"],
 [48480, 48352],
 [43855, "リザード"],
 [44549, "リザード"],
 [44997, 44549],
 [43908, "リザードンex"],
 [44151, 43908],
 [44160, 43908],
 [44638, 43908],
 [44963, 43908],
 [45117, 43908],
 [45135, 43908],
 [45806, 43908],
 [43327, "リザードンex"],
 [43970, 43327],
 [43986, 43327],
 [44480, 43327],
 [45942, "リリーラ"],
 [46152, 45942],
 [43697, "リーフィア"],
 [45582, "リーフィア"],
 [46663, 45582],
 [48753, 45582],
 [46664, "リーフィアex"],
 [47121, 46664],
 [48754, 46664],
 [47050, "リーリエのアブリボン"],
 [47225, 47050],
 [49055, 47050],
 [47049, "リーリエのアブリー"],
 [49054, 47049],
 [47051, "リーリエのキュワワー"],
 [47164, 47051],
 [49056, 47051],
 [47041, "リーリエのピッピex"],
 [47235, 47041],
 [47246, 47041],
 [50033, 47041],
 [48582, "リーリエのピッピex"],
 [49003, 48582],
 [49521, 48582],
 [42587, "ルカリオ"],
 [43762, 42587],
 [44628, 42587],
 [45067, 42587],
 [45494, "ルカリオex"],
 [49096, 45494],
 [42711, "ルカリオex"],
 [46519, "ルカリオex"],
 [45297, "ルガルガン"],
 [49119, 45297],
 [47060, "ルガルガン"],
 [47227, 47060],
 [43904, "ルガルガン"],
 [43015, "ルガルガンex"],
 [43295, 43015],
 [46551, "ルギアex"],
 [45731, "ルクシオ"],
 [48961, 45731],
 [43156, "ルクシオ"],
 [44583, 43156],
 [45027, 43156],
 [49659, "ルクシオ"],
 [45622, "ルチャブル"],
 [49678, "ルチャブル"],
 [42591, "ルチャブル"],
 [43127, 42591],
 [44629, 42591],
 [45068, 42591],
 [46745, 42591],
 [46565, "ルチャブル"],
 [49329, 46565],
 [47759, "ルナトーン"],
 [48608, 47759],
 [49087, 47759],
 [43889, "ルナトーン"],
 [47031, "ルンパッパ"],
 [48893, 47031],
 [48347, "ルンパッパ"],
 [48487, 48347],
 [47835, "ルージュラ"],
 [45719, "ルージュラ"],
 [43445, "ルージュラex"],
 [43978, 43445],
 [46375, "レアコイル"],
 [46635, 46375],
 [48568, 46375],
 [48948, 46375],
 [43739, "レアコイル"],
 [47824, "レアコイル"],
 [43403, "レアコイル"],
 [42651, "レアコイル"],
 [48602, "レイスポス"],
 [45425, "レシラム"],
 [48841, 45425],
 [48357, "レシラム"],
 [46476, "レシラムex"],
 [47639, "レシラムex"],
 [48072, 47639],
 [48080, 47639],
 [48086, 47639],
 [48551, 47639],
 [48842, 47639],
 [49492, 47639],
 [46490, "レジアイス"],
 [48907, 46490],
 [48908, "レジアイスex"],
 [49502, 48908],
 [46793, "レジギガス"],
 [46191, "レジスチル"],
 [49214, 46191],
 [49215, "レジスチルex"],
 [49544, 49215],
 [47057, "レジロック"],
 [49089, 47057],
 [47448, "レジロックex"],
 [47519, 47448],
 [49090, 47448],
 [49530, 47448],
 [48649, "レックウザ"],
 [45941, "レディアン"],
 [46151, 45941],
 [48736, 45941],
 [45940, "レディバ"],
 [48735, 45940],
 [44316, "レドームシ"],
 [44446, 44316],
 [44294, "レパルダス"],
 [47675, "レパルダス"],
 [48047, 47675],
 [49660, "レントラー"],
 [43157, "レントラー"],
 [44584, 43157],
 [45028, 43157],
 [45732, "レントラーex"],
 [45860, 45732],
 [48962, 45732],
 [47449, "ロケット団のアーボ"],
 [47450, "ロケット団のアーボック"],
 [47437, "ロケット団のイオルブ"],
 [47508, 47437],
 [47495, "ロケット団のガルーラex"],
 [47459, "ロケット団のクロバットex"],
 [47521, "ロケット団のクロバットex"],
 [47531, 47521],
 [47535, 47521],
 [48623, 47521],
 [49156, 47521],
 [49537, 47521],
 [47469, "ロケット団のコラッタ"],
 [49271, 47469],
 [47458, "ロケット団のゴルバット"],
 [48622, 47458],
 [49155, 47458],
 [47400, "ロケット団のサッチムシ"],
 [47442, "ロケット団のサナギラス"],
 [47426, "ロケット団のサンダー"],
 [47431, "ロケット団のスリーパー"],
 [49005, 47431],
 [47430, "ロケット団のスリープ"],
 [49004, 47430],
 [47457, "ロケット団のズバット"],
 [48621, 47457],
 [49154, 47457],
 [47433, "ロケット団のソーナンス"],
 [47507, 47433],
 [48583, "ロケット団のタマタマ"],
 [47401, "ロケット団のタマンチュラ"],
 [48537, 47401],
 [48605, "ロケット団のダグトリオ"],
 [49966, 48605],
 [48604, "ロケット団のディグダ"],
 [47409, "ロケット団のデルビル"],
 [48815, 47409],
 [47429, "ロケット団のデンリュウ"],
 [47462, "ロケット団のドガース"],
 [48625, "ロケット団のドンカラス"],
 [48584, "ロケット団のナッシー"],
 [47456, "ロケット団のニドキングex"],
 [47520, "ロケット団のニドキングex"],
 [47530, 47520],
 [49153, 47520],
 [49536, 47520],
 [47453, "ロケット団のニドクイン"],
 [49150, 47453],
 [47451, "ロケット団のニドラン♀"],
 [49148, 47451],
 [47454, "ロケット団のニドラン♂"],
 [49151, 47454],
 [47452, "ロケット団のニドリーナ"],
 [49149, 47452],
 [47455, "ロケット団のニドリーノ"],
 [49152, 47455],
 [47471, "ロケット団のニャース"],
 [47513, 47471],
 [49275, 47471],
 [49633, 47471],
 [47465, "ロケット団のニューラ"],
 [48626, 47465],
 [49164, 47465],
 [47443, "ロケット団のバンギラス"],
 [47408, "ロケット団のファイヤーex"],
 [47516, "ロケット団のファイヤーex"],
 [47528, 47516],
 [47415, "ロケット団のフリーザー"],
 [48556, 47415],
 [47410, "ロケット団のヘルガー"],
 [47504, 47410],
 [48816, 47410],
 [47460, "ロケット団のベトベター"],
 [47461, "ロケット団のベトベトン"],
 [47472, "ロケット団のペルシアンex"],
 [47522, "ロケット団のペルシアンex"],
 [49276, 47522],
 [47474, "ロケット団のポリゴン"],
 [47475, "ロケット団のポリゴン2"],
 [47476, "ロケット団のポリゴンZ"],
 [47463, "ロケット団のマタドガス"],
 [47509, 47463],
 [47435, "ロケット団のミミッキュ"],
 [48601, 47435],
 [49057, 47435],
 [49965, 47435],
 [47432, "ロケット団のミュウツーex"],
 [47518, "ロケット団のミュウツーex"],
 [47529, 47518],
 [47534, 47518],
 [48330, 47518],
 [48585, 47518],
 [49006, 47518],
 [49997, 47518],
 [47427, "ロケット団のメリープ"],
 [47428, "ロケット団のモココ"],
 [47464, "ロケット団のヤミカラス"],
 [47510, 47464],
 [48624, 47464],
 [49163, 47464],
 [47441, "ロケット団のヨーギラス"],
 [47470, "ロケット団のラッタ"],
 [47512, 47470],
 [49272, 47470],
 [47434, "ロケット団のリーシャン"],
 [47436, "ロケット団のレドームシ"],
 [47402, "ロケット団のワナイダー"],
 [47503, 47402],
 [48538, 47402],
 [43856, "ロコン"],
 [45586, "ロコン"],
 [43358, "ロコン"],
 [46184, "ロコン"],
 [47743, "ロコン"],
 [48424, 47743],
 [45148, "ロズレイド"],
 [48747, 45148],
 [49471, 45148],
 [45147, "ロゼリア"],
 [48746, 45147],
 [49470, 45147],
 [47334, "ロトム"],
 [47375, 47334],
 [42736, "ロトム"],
 [48598, "ロトム"],
 [46377, "ロトム"],
 [48964, 46377],
 [42654, "ロトム"],
 [43117, 42654],
 [43741, 42654],
 [48369, "ロトムex"],
 [48502, 48369],
 [48518, 48369],
 [47588, "ローブシン"],
 [47957, 47588],
 [49106, 47588],
 [45752, "ローブシン"],
 [47412, "ワカシャモ"],
 [46469, "ワカシャモ"],
 [46278, "ワシボン"],
 [47698, "ワシボン"],
 [48068, 47698],
 [49322, 47698],
 [45948, "ワタシラガ"],
 [43139, "ワタッコ"],
 [44530, 43139],
 [44983, 43139],
 [42688, "ワッカネズミ"],
 [43198, "ワッカネズミ"],
 [43806, 43198],
 [44675, 43198],
 [45103, 43198],
 [44367, "ワッカネズミ"],
 [44368, "ワッカネズミ"],
 [42689, "ワッカネズミ"],
 [43807, 42689],
 [43199, "ワッカネズミ"],
 [46431, "ワッカネズミ"],
 [43145, "ワナイダー"],
 [42815, "ワナイダー"],
 [42632, "ワナイダーex"],
 [43078, 42632],
 [43088, 42632],
 [45159, "ワニノコ"],
 [46693, 45159],
 [48880, 45159],
 [48881, "ワニノコ"],
 [49499, 48881],
 [47598, "ワルビアル"],
 [47967, 47598],
 [48395, "ワルビアル"],
 [42590, "ワルビアル"],
 [43766, 42590],
 [48481, "ワルビアルex"],
 [47597, "ワルビル"],
 [47966, 47597],
 [48394, "ワルビル"],
 [42589, "ワルビル"],
 [43765, 42589],
 [48370, "ワンパチ"],
 [48492, 48370],
 [45345, "ワンパチ"],
 [48984, 45345],
 [49594, 45345],
 [43387, "ワンリキー"],
 [44245, "名探偵ピカチュウ"]]
