[[42029, "Vガードエネルギー"],
 [42075, 42029],
 [39130, "いちげきエネルギー"],
 [39242, 39130],
 [39556, 39130],
 [40329, 39130],
 [40879, 39130],
 [39200, "れんげきエネルギー"],
 [39245, 39200],
 [39580, 39200],
 [40333, 39200],
 [40483, 39200],
 [40881, 39200],
 [39431, "インパクトエネルギー"],
 [41904, "ギフトエネルギー"],
 [43037, "ジェットエネルギー"],
 [39500, "スパイラルエネルギー"],
 [43207, "セラピーエネルギー"],
 [44711, 43207],
 [44835, 43207],
 [41002, "ダブルターボエネルギー"],
 [41319, 41002],
 [42028, 41002],
 [42074, 41002],
 [42212, 41002],
 [42432, 41002],
 [42521, 41002],
 [42814, 41002],
 [44072, 41002],
 [39653, "トレジャーエネルギー"],
 [40062, "フュージョンエネルギー"],
 [42433, 40062],
 [42522, 40062],
 [44134, "メディカルエネルギー"],
 [39501, "ラッキーエネルギー"],
 [40880, 39501],
 [42190, "リゲインエネルギー"],
 [43278, "リバーサルエネルギー"],
 [43841, 43278],
 [44712, 43278],
 [44836, 43278],
 [43038, "ルミナスエネルギー"],
 [44713, 43038],
 [44837, 43038],
 [7, "基本悪エネルギー"],
 [9007, 7],
 [23276, 7],
 [24330, 7],
 [25290, 7],
 [25303, 7],
 [25311, 7],
 [27270, 7],
 [27284, 7],
 [27334, 7],
 [27445, 7],
 [27700, 7],
 [27975, 7],
 [28004, 7],
 [28022, 7],
 [28364, 7],
 [28433, 7],
 [28496, 7],
 [28904, 7],
 [30043, 7],
 [30204, 7],
 [30224, 7],
 [30334, 7],
 [30375, 7],
 [30639, 7],
 [31230, 7],
 [31288, 7],
 [31561, 7],
 [31566, 7],
 [32003, 7],
 [32333, 7],
 [32368, 7],
 [33196, 7],
 [33224, 7],
 [33520, 7],
 [34222, 7],
 [34622, 7],
 [34672, 7],
 [36469, 7],
 [36889, 7],
 [37476, 7],
 [37748, 7],
 [37770, 7],
 [38261, 7],
 [38269, 7],
 [38909, 7],
 [39558, 7],
 [39881, 7],
 [40097, 7],
 [40490, 7],
 [40888, 7],
 [40900, 7],
 [41150, 7],
 [41341, 7],
 [41759, 7],
 [42785, 7],
 [42942, 7],
 [42950, 7],
 [42962, 7],
 [44223, 7],
 [44233, 7],
 [3, "基本水エネルギー"],
 [4104, 3],
 [9003, 3],
 [23272, 3],
 [24326, 3],
 [25299, 3],
 [25307, 3],
 [27065, 3],
 [27280, 3],
 [27428, 3],
 [27441, 3],
 [27661, 3],
 [27666, 3],
 [27683, 3],
 [27747, 3],
 [27991, 3],
 [28021, 3],
 [28070, 3],
 [28092, 3],
 [28361, 3],
 [28388, 3],
 [28409, 3],
 [28460, 3],
 [28672, 3],
 [28900, 3],
 [30044, 3],
 [30220, 3],
 [30967, 3],
 [31226, 3],
 [31284, 3],
 [31464, 3],
 [31633, 3],
 [31730, 3],
 [31999, 3],
 [32329, 3],
 [32364, 3],
 [33192, 3],
 [33220, 3],
 [33517, 3],
 [33551, 3],
 [33994, 3],
 [33996, 3],
 [34218, 3],
 [34559, 3],
 [34560, 3],
 [34618, 3],
 [34668, 3],
 [36465, 3],
 [36539, 3],
 [36885, 3],
 [37060, 3],
 [37472, 3],
 [37550, 3],
 [37744, 3],
 [37766, 3],
 [38265, 3],
 [38628, 3],
 [38641, 3],
 [39582, 3],
 [39659, 3],
 [39854, 3],
 [40093, 3],
 [40486, 3],
 [40884, 3],
 [40896, 3],
 [41146, 3],
 [41755, 3],
 [42781, 3],
 [42938, 3],
 [42946, 3],
 [42958, 3],
 [44219, 3],
 [44229, 3],
 [44415, 3],
 [2, "基本炎エネルギー"],
 [4103, 2],
 [9002, 2],
 [23271, 2],
 [24325, 2],
 [25298, 2],
 [25306, 2],
 [27046, 2],
 [27267, 2],
 [27279, 2],
 [27323, 2],
 [27440, 2],
 [27665, 2],
 [27682, 2],
 [27731, 2],
 [28001, 2],
 [28054, 2],
 [28360, 2],
 [28408, 2],
 [28451, 2],
 [28899, 2],
 [30042, 2],
 [30219, 2],
 [30333, 2],
 [30370, 2],
 [30374, 2],
 [30952, 2],
 [31077, 2],
 [31134, 2],
 [31225, 2],
 [31283, 2],
 [31729, 2],
 [31998, 2],
 [32130, 2],
 [32328, 2],
 [32363, 2],
 [33191, 2],
 [33219, 2],
 [33282, 2],
 [33995, 2],
 [34217, 2],
 [34556, 2],
 [34557, 2],
 [34617, 2],
 [34667, 2],
 [36464, 2],
 [36494, 2],
 [36884, 2],
 [37471, 2],
 [37526, 2],
 [37743, 2],
 [37765, 2],
 [38264, 2],
 [38640, 2],
 [39658, 2],
 [39829, 2],
 [40092, 2],
 [40485, 2],
 [40883, 2],
 [40895, 2],
 [41145, 2],
 [41754, 2],
 [42256, 2],
 [42780, 2],
 [42937, 2],
 [42945, 2],
 [42957, 2],
 [44218, 2],
 [44228, 2],
 [44414, 2],
 [1, "基本草エネルギー"],
 [4102, 1],
 [9001, 1],
 [23270, 1],
 [24324, 1],
 [25297, 1],
 [25305, 1],
 [27027, 1],
 [27278, 1],
 [27427, 1],
 [27439, 1],
 [27660, 1],
 [27667, 1],
 [27715, 1],
 [27973, 1],
 [28038, 1],
 [28091, 1],
 [28442, 1],
 [28775, 1],
 [28898, 1],
 [30040, 1],
 [30218, 1],
 [30373, 1],
 [30966, 1],
 [31224, 1],
 [31282, 1],
 [31565, 1],
 [31728, 1],
 [31997, 1],
 [32327, 1],
 [32362, 1],
 [33190, 1],
 [33218, 1],
 [33281, 1],
 [34216, 1],
 [34553, 1],
 [34554, 1],
 [34616, 1],
 [34666, 1],
 [36463, 1],
 [36493, 1],
 [36883, 1],
 [37470, 1],
 [37502, 1],
 [37742, 1],
 [37764, 1],
 [38263, 1],
 [38639, 1],
 [39828, 1],
 [40091, 1],
 [40484, 1],
 [40882, 1],
 [40894, 1],
 [41144, 1],
 [41753, 1],
 [42779, 1],
 [42936, 1],
 [42944, 1],
 [42956, 1],
 [44217, 1],
 [44227, 1],
 [44413, 1],
 [5, "基本超エネルギー"],
 [4106, 5],
 [9005, 5],
 [23274, 5],
 [24328, 5],
 [25288, 5],
 [25301, 5],
 [25309, 5],
 [27066, 5],
 [27282, 5],
 [27325, 5],
 [27429, 5],
 [27443, 5],
 [27662, 5],
 [27748, 5],
 [27974, 5],
 [28039, 5],
 [28093, 5],
 [28312, 5],
 [28363, 5],
 [28432, 5],
 [28478, 5],
 [28792, 5],
 [28902, 5],
 [30222, 5],
 [30349, 5],
 [31135, 5],
 [31228, 5],
 [31286, 5],
 [31560, 5],
 [31732, 5],
 [32001, 5],
 [32331, 5],
 [32366, 5],
 [33194, 5],
 [33222, 5],
 [33283, 5],
 [33552, 5],
 [34220, 5],
 [34620, 5],
 [34670, 5],
 [36467, 5],
 [36540, 5],
 [36887, 5],
 [37474, 5],
 [37746, 5],
 [37768, 5],
 [38267, 5],
 [39661, 5],
 [40095, 5],
 [40488, 5],
 [40886, 5],
 [40898, 5],
 [41148, 5],
 [41757, 5],
 [41946, 5],
 [42783, 5],
 [42940, 5],
 [42948, 5],
 [42960, 5],
 [44221, 5],
 [44231, 5],
 [44417, 5],
 [8, "基本鋼エネルギー"],
 [9008, 8],
 [23277, 8],
 [24331, 8],
 [25291, 8],
 [25304, 8],
 [25312, 8],
 [27285, 8],
 [27430, 8],
 [27446, 8],
 [27663, 8],
 [27684, 8],
 [28023, 8],
 [28094, 8],
 [28313, 8],
 [28505, 8],
 [28905, 8],
 [30045, 8],
 [30225, 8],
 [30578, 8],
 [31079, 8],
 [31231, 8],
 [31289, 8],
 [31634, 8],
 [32004, 8],
 [32334, 8],
 [32369, 8],
 [33197, 8],
 [33225, 8],
 [33284, 8],
 [34223, 8],
 [34623, 8],
 [34673, 8],
 [36470, 8],
 [36890, 8],
 [37477, 8],
 [37749, 8],
 [37771, 8],
 [38270, 8],
 [40098, 8],
 [40491, 8],
 [40889, 8],
 [40901, 8],
 [41151, 8],
 [41760, 8],
 [42786, 8],
 [42943, 8],
 [42951, 8],
 [42963, 8],
 [44224, 8],
 [44234, 8],
 [6, "基本闘エネルギー"],
 [4107, 6],
 [9006, 6],
 [23275, 6],
 [24329, 6],
 [25302, 6],
 [25310, 6],
 [27028, 6],
 [27269, 6],
 [27283, 6],
 [27444, 6],
 [27699, 6],
 [27716, 6],
 [27993, 6],
 [28003, 6],
 [28055, 6],
 [28487, 6],
 [28903, 6],
 [30223, 6],
 [30350, 6],
 [30968, 6],
 [31229, 6],
 [31287, 6],
 [31733, 6],
 [31832, 6],
 [32002, 6],
 [32131, 6],
 [32332, 6],
 [32367, 6],
 [33195, 6],
 [33223, 6],
 [33519, 6],
 [33536, 6],
 [34221, 6],
 [34621, 6],
 [34671, 6],
 [36256, 6],
 [36468, 6],
 [36888, 6],
 [37475, 6],
 [37600, 6],
 [37747, 6],
 [37769, 6],
 [38268, 6],
 [39880, 6],
 [40096, 6],
 [40489, 6],
 [40887, 6],
 [40899, 6],
 [41149, 6],
 [41320, 6],
 [41758, 6],
 [42784, 6],
 [42941, 6],
 [42949, 6],
 [42961, 6],
 [44024, 6],
 [44222, 6],
 [44232, 6],
 [44418, 6],
 [4, "基本雷エネルギー"],
 [4105, 4],
 [9004, 4],
 [23273, 4],
 [24327, 4],
 [25300, 4],
 [25308, 4],
 [27047, 4],
 [27268, 4],
 [27281, 4],
 [27324, 4],
 [27442, 4],
 [27668, 4],
 [27698, 4],
 [27732, 4],
 [27992, 4],
 [28002, 4],
 [28071, 4],
 [28362, 4],
 [28389, 4],
 [28469, 4],
 [28901, 4],
 [30221, 4],
 [30348, 4],
 [30953, 4],
 [31078, 4],
 [31150, 4],
 [31227, 4],
 [31285, 4],
 [31731, 4],
 [32000, 4],
 [32330, 4],
 [32365, 4],
 [33193, 4],
 [33221, 4],
 [33518, 4],
 [33535, 4],
 [34219, 4],
 [34619, 4],
 [34669, 4],
 [36466, 4],
 [36516, 4],
 [36886, 4],
 [37473, 4],
 [37575, 4],
 [37745, 4],
 [37767, 4],
 [38266, 4],
 [38642, 4],
 [39660, 4],
 [39855, 4],
 [40094, 4],
 [40487, 4],
 [40885, 4],
 [40897, 4],
 [41147, 4],
 [41177, 4],
 [41679, 4],
 [41756, 4],
 [41925, 4],
 [42257, 4],
 [42782, 4],
 [42939, 4],
 [42947, 4],
 [42959, 4],
 [44023, 4],
 [44220, 4],
 [44230, 4],
 [44416, 4],
 [39129, "あくの塔"],
 [39555, 39129],
 [40315, 39129],
 [41247, "あとだしターボ"],
 [41292, 41247],
 [28148, "あなぬけのヒモ"],
 [28414, 28148],
 [30792, 28148],
 [31965, 28148],
 [33511, 28148],
 [34317, 28148],
 [36021, 28148],
 [36398, 28148],
 [36591, 28148],
 [39121, 28148],
 [39725, 28148],
 [40279, 28148],
 [40457, 28148],
 [40832, 28148],
 [40893, 28148],
 [44044, 28148],
 [41248, "あまいミツ"],
 [41293, 41248],
 [39421, "いかついメット"],
 [40849, 39421],
 [39124, "いちげきの巻物 怒りの巻"],
 [39730, "いちげきの巻物 牙竜の巻"],
 [39422, "いちげきの巻物 貫通の巻"],
 [39499, "いにしえの墓地"],
 [40317, 39499],
 [41421, "いれかえカート"],
 [39191, "うねりの扇"],
 [40280, 39191],
 [42393, 39191],
 [42487, 39191],
 [30793, "おいしいみずセット"],
 [40990, 30793],
 [40065, "おいわいファンファーレ"],
 [42924, 40065],
 [44244, 40065],
 [34759, "おじょうさま"],
 [35704, 34759],
 [36967, 34759],
 [41900, 34759],
 [42089, 34759],
 [43202, "おとどけドローン"],
 [43816, 43202],
 [40291, "おはらいグローブ"],
 [39330, "おむかえちょうちん"],
 [40281, 39330],
 [40151, "からくちスパイシーカレー"],
 [41584, "からくりアーム"],
 [41634, 41584],
 [39961, "からぶりほけん"],
 [1110, "きずぐすり"],
 [2141, 1110],
 [3125, 1110],
 [10523, 1110],
 [15031, 1110],
 [21520, 1110],
 [21542, 1110],
 [21564, 1110],
 [21595, 1110],
 [24024, 1110],
 [24055, 1110],
 [27022, 1110],
 [27042, 1110],
 [27061, 1110],
 [27710, 1110],
 [27727, 1110],
 [27743, 1110],
 [28034, 1110],
 [28050, 1110],
 [28066, 1110],
 [28439, 1110],
 [28457, 1110],
 [30034, 1110],
 [30182, 1110],
 [31143, 1110],
 [31700, 1110],
 [32199, 1110],
 [32279, 1110],
 [33163, 1110],
 [33531, 1110],
 [34435, 1110],
 [35136, 1110],
 [36507, 1110],
 [37490, 1110],
 [37772, 1110],
 [38004, 1110],
 [38359, 1110],
 [38875, 1110],
 [39817, 1110],
 [39843, 1110],
 [40461, 1110],
 [40838, 1110],
 [41166, 1110],
 [41670, 1110],
 [42716, 1110],
 [43817, 1110],
 [42023, "きんきゅうゼリー"],
 [42069, 42023],
 [39644, "ぐんぐんシェイク"],
 [37521, "げんきのハチマキ"],
 [37569, 37521],
 [37726, 37521],
 [38008, 37521],
 [38375, 37521],
 [38645, 37521],
 [42771, 37521],
 [43123, 37521],
 [43827, 37521],
 [40992, "こだわりベルト"],
 [41313, 40992],
 [41916, 40992],
 [41937, 40992],
 [42406, 40992],
 [42500, 40992],
 [42792, 40992],
 [42185, "さぎょういん"],
 [42543, 42185],
 [27420, "すごいつりざお"],
 [27853, 27420],
 [31442, 27420],
 [31704, 27420],
 [34638, 27420],
 [43273, 27420],
 [44047, 27420],
 [44175, 27420],
 [44194, 27420],
 [44503, 27420],
 [44681, 27420],
 [44809, 27420],
 [39727, "すりかえカップ"],
 [40842, 39727],
 [10129, "たべのこし"],
 [43481, 10129],
 [43634, 10129],
 [44690, 10129],
 [44818, 10129],
 [42723, "たんぱんこぞう"],
 [42747, 42723],
 [42773, 42723],
 [43111, 42723],
 [43834, 42723],
 [44018, 42723],
 [30208, "ともだちてちょう"],
 [30322, 30208],
 [34436, 30208],
 [35459, 30208],
 [36439, 30208],
 [36634, 30208],
 [36838, 30208],
 [37200, 30208],
 [37590, 30208],
 [37791, 30208],
 [38366, 30208],
 [42615, 30208],
 [40056, "なごりの大鈴"],
 [34437, "なぞの化石"],
 [34503, 34437],
 [34752, 34437],
 [36023, 34437],
 [36830, 34437],
 [37148, 34437],
 [41423, 34437],
 [41489, 34437],
 [42182, 34437],
 [40993, "なべメット"],
 [44373, "のろいのはたき"],
 [43942, "はげましのてがみ"],
 [44685, 43942],
 [44813, 43942],
 [41491, "ばつぐんグラス"],
 [41746, "ふかそうち"],
 [10126, "ふしぎなアメ"],
 [25395, 10126],
 [25709, 10126],
 [27825, 10126],
 [27968, 10126],
 [27986, 10126],
 [28089, 10126],
 [28344, 10126],
 [28380, 10126],
 [28400, 10126],
 [28663, 10126],
 [30723, 10126],
 [31075, 10126],
 [31205, 10126],
 [31265, 10126],
 [31707, 10126],
 [31972, 10126],
 [33169, 10126],
 [33186, 10126],
 [33275, 10126],
 [33299, 10126],
 [33300, 10126],
 [33301, 10126],
 [33302, 10126],
 [33383, 10126],
 [34322, 10126],
 [34369, 10126],
 [34506, 10126],
 [34518, 10126],
 [34629, 10126],
 [34754, 10126],
 [34910, 10126],
 [35005, 10126],
 [35141, 10126],
 [35371, 10126],
 [36025, 10126],
 [36401, 10126],
 [36444, 10126],
 [36486, 10126],
 [36615, 10126],
 [37517, 10126],
 [37723, 10126],
 [37735, 10126],
 [38005, 10126],
 [38023, 10126],
 [38044, 10126],
 [38367, 10126],
 [38898, 10126],
 [39224, 10126],
 [40465, 10126],
 [40844, 10126],
 [41121, 10126],
 [41747, 10126],
 [42696, 10126],
 [42742, 10126],
 [42789, 10126],
 [43120, 10126],
 [43129, 10126],
 [43822, 10126],
 [44054, 10126],
 [44125, 10126],
 [44197, 10126],
 [44506, 10126],
 [44686, 10126],
 [44814, 10126],
 [42026, "ふりそで"],
 [42072, 42026],
 [42204, 42026],
 [44308, "まけんきチョッキ"],
 [42619, "まけんきハチマキ"],
 [44236, 42619],
 [44691, 42619],
 [44819, 42619],
 [39199, "みずの塔"],
 [39579, 39199],
 [40319, 39199],
 [36492, "むしとりしょうねん"],
 [36515, 36492],
 [39827, 36492],
 [39853, 36492],
 [39879, 36492],
 [42219, "やすらぎの公園"],
 [39331, "やまびこホーン"],
 [40289, 39331],
 [40469, 39331],
 [39797, "れいかいのお面"],
 [40470, 39797],
 [40853, 39797],
 [39494, "れんげきの巻物 天の巻"],
 [39195, "れんげきの巻物 渦の巻"],
 [39798, "れんげきの巻物 飛竜の巻"],
 [44130, "アオキ"],
 [44397, 44130],
 [41899, "アクロマの実験"],
 [42088, 41899],
 [42409, 41899],
 [42502, 41899],
 [42885, 41899],
 [39425, "アスナ"],
 [39534, 39425],
 [40297, "アセロラの予感"],
 [41083, 40297],
 [41582, "アルセウスフォン"],
 [41632, 41582],
 [39650, "アロマなおねえさん"],
 [39898, 39650],
 [40854, 39650],
 [41586, "ウォロ"],
 [41777, 41586],
 [42895, 41586],
 [39668, "ウッウロボ"],
 [41590, "エイチ湖"],
 [41639, 41590],
 [33366, "エネくじ"],
 [35572, 33366],
 [41488, 33366],
 [42927, 33366],
 [1108, "エネルギーつけかえ"],
 [4082, 1108],
 [10521, 1108],
 [15030, 1108],
 [17022, 1108],
 [19017, 1108],
 [21059, 1108],
 [23018, 1108],
 [25117, 1108],
 [27060, 1108],
 [27742, 1108],
 [28767, 1108],
 [30206, 1108],
 [31699, 1108],
 [33161, 1108],
 [34908, 1108],
 [35135, 1108],
 [35206, 1108],
 [36609, 1108],
 [36955, 1108],
 [37537, 1108],
 [37732, 1108],
 [38357, 1108],
 [40459, 1108],
 [40834, 1108],
 [42020, 1108],
 [42066, 1108],
 [42242, 1108],
 [42714, 1108],
 [43103, 1108],
 [43813, 1108],
 [43473, "エネルギーシール"],
 [43626, 43473],
 [44501, 43473],
 [30964, "エネルギーリサイクル"],
 [33272, 30964],
 [33380, 30964],
 [35573, 30964],
 [36435, 30964],
 [39192, 30964],
 [40836, 30964],
 [27041, "エネルギー回収"],
 [27148, 27041],
 [27726, 27041],
 [28661, 27041],
 [30205, 27041],
 [31127, 27041],
 [31698, 27041],
 [32278, 27041],
 [33117, 27041],
 [33160, 27041],
 [33530, 27041],
 [34056, 27041],
 [36954, 27041],
 [37562, 27041],
 [37731, 27041],
 [39569, 27041],
 [40458, 27041],
 [40833, 27041],
 [42763, 27041],
 [43812, 27041],
 [44008, 27041],
 [1109, "エネルギー転送"],
 [2140, 1109],
 [10522, 1109],
 [15007, 1109],
 [17008, 1109],
 [21060, 1109],
 [21541, 1109],
 [22022, 1109],
 [22054, 1109],
 [23019, 1109],
 [23046, 1109],
 [24226, 1109],
 [27226, 1109],
 [27240, 1109],
 [27254, 1109],
 [27676, 1109],
 [27692, 1109],
 [28014, 1109],
 [37489, 1109],
 [37513, 1109],
 [37538, 1109],
 [37563, 1109],
 [37587, 1109],
 [38358, 1109],
 [40460, 1109],
 [40835, 1109],
 [41165, 1109],
 [42243, 1109],
 [42715, 1109],
 [42739, 1109],
 [42764, 1109],
 [43814, 1109],
 [44009, 1109],
 [43482, "エリカの招待"],
 [43635, 43482],
 [43981, 43482],
 [43991, 43482],
 [42693, "エレキジェネレーター"],
 [43104, 42693],
 [43815, 42693],
 [44679, 42693],
 [44807, 42693],
 [39646, "エレメンタルバッジ"],
 [40471, "エール団の応援"],
 [40855, 40471],
 [43945, "オモダカ"],
 [44155, 43945],
 [44163, 43945],
 [44694, 43945],
 [43946, "オルティガ"],
 [44156, 43946],
 [44310, "オーリム博士の気迫"],
 [44438, 44310],
 [44444, 44310],
 [41492, "カイ"],
 [41660, 41492],
 [42410, 41492],
 [42803, 41492],
 [42886, 41492],
 [44059, 41492],
 [44508, 41492],
 [34175, "カウンターキャッチャー"],
 [35574, 34175],
 [44371, 34175],
 [42698, "カエデ"],
 [43084, 42698],
 [40057, "カゲツ"],
 [40110, 40057],
 [28743, "カトレア"],
 [28895, 28743],
 [39495, 28743],
 [39521, 28743],
 [44305, "カビゴンドール"],
 [40058, "カミツレのきらめき"],
 [40111, 40058],
 [42411, 40058],
 [42503, 40058],
 [42896, 40058],
 [39333, "カリンの信念"],
 [39356, 39333],
 [40856, 39333],
 [43480, "ガチガチバンド"],
 [43633, 43480],
 [44689, 43480],
 [44817, 43480],
 [41309, "ガッツのつるはし"],
 [42394, 41309],
 [42488, 41309],
 [42798, 41309],
 [39332, "ガラルのむねあて"],
 [40851, 39332],
 [40298, "ガラルの仲間たち"],
 [41086, 40298],
 [39496, "キクコ"],
 [39522, 39496],
 [40857, 39496],
 [43031, "キハダ"],
 [43297, 43031],
 [43304, 43031],
 [43829, 43031],
 [44015, 43031],
 [39732, "キバナ"],
 [39934, 39732],
 [39949, 39732],
 [40299, 39732],
 [40858, 39732],
 [41087, 39732],
 [41127, 39732],
 [41143, 39732],
 [42412, 39732],
 [42504, 39732],
 [42804, 39732],
 [42887, 39732],
 [44060, 39732],
 [42021, "キャプチャーアロマ"],
 [42067, 42021],
 [41249, "キャンセルコロン"],
 [41294, 41249],
 [44045, 41249],
 [41749, "キャンデラ"],
 [41801, 41749],
 [39123, "キャンプセット"],
 [40994, "キャンプファイヤー"],
 [41355, 40994],
 [42248, 40994],
 [27149, "クラッシュハンマー"],
 [27316, 27149],
 [28340, 27149],
 [28784, 27149],
 [30035, 27149],
 [30197, 27149],
 [31701, 27149],
 [33057, 27149],
 [33164, 27149],
 [33546, 27149],
 [34502, 27149],
 [35137, 27149],
 [36437, 27149],
 [36531, 27149],
 [37514, 27149],
 [37539, 27149],
 [38361, 27149],
 [38856, 27149],
 [39869, 27149],
 [40462, 27149],
 [40840, 27149],
 [42765, 27149],
 [43118, 27149],
 [43818, 27149],
 [43032, "クラベル"],
 [43298, 43032],
 [44695, 43032],
 [44822, 43032],
 [39334, "クララ"],
 [39357, 39334],
 [39962, 39334],
 [40300, 39334],
 [40472, 39334],
 [40859, 39334],
 [41918, 39334],
 [41939, 39334],
 [42805, 39334],
 [40051, "クロスシーバー"],
 [40052, "クロススイッチャー"],
 [42181, "クワッドストーン"],
 [43275, "グルーシャ"],
 [43683, 43275],
 [43688, 43275],
 [44034, 43275],
 [41142, "ゲン"],
 [39822, "コック"],
 [40473, 39822],
 [40860, 39822],
 [41088, 39822],
 [41253, "コトブキムラ"],
 [41298, 41253],
 [42429, 41253],
 [42518, 41253],
 [42920, "コルサ"],
 [39196, "コルニの気合い"],
 [39255, 39196],
 [39574, 39196],
 [40301, 39196],
 [40861, 39196],
 [41128, 39196],
 [27424, "ゴツゴツメット"],
 [28017, 27424],
 [28351, 27424],
 [28788, 27424],
 [38475, 27424],
 [42697, 27424],
 [43828, 27424],
 [39796, "ゴムのグローブ"],
 [44127, "ゴージャスマント"],
 [43486, "サイクリングロード"],
 [43639, 43486],
 [43483, "サカキのカリスマ"],
 [43636, 43483],
 [43982, 43483],
 [43992, 43483],
 [44696, 43483],
 [44823, 43483],
 [30186, "サナ"],
 [30201, 30186],
 [30328, 30186],
 [30573, 30186],
 [30633, 30186],
 [31131, 30186],
 [31147, 30186],
 [31215, 30186],
 [31273, 30186],
 [31714, 30186],
 [31827, 30186],
 [31852, 30186],
 [31987, 30186],
 [32197, 30186],
 [33698, 30186],
 [33826, 30186],
 [35886, 30186],
 [39799, 30186],
 [39823, 30186],
 [39848, 30186],
 [39874, 30186],
 [39946, 30186],
 [40474, 30186],
 [40862, 30186],
 [41172, 30186],
 [41314, 30186],
 [41336, 30186],
 [41919, 30186],
 [41940, 30186],
 [39420, "サバイバルセット"],
 [43204, "サワロ"],
 [43658, 43204],
 [43663, 43204],
 [43830, 43204],
 [44509, 43204],
 [41493, "ザクロ"],
 [41661, 41493],
 [42413, 41493],
 [42505, 41493],
 [42888, 41493],
 [44131, "シキミ"],
 [44398, 44131],
 [39126, "シバ"],
 [39265, 39126],
 [39550, 39126],
 [40302, 39126],
 [40863, 39126],
 [41250, "シマボシ"],
 [41295, 41250],
 [41508, 41250],
 [41954, 41250],
 [39497, "シャクヤ"],
 [39523, 39497],
 [40475, 39497],
 [40864, 39497],
 [43312, "シュウメイ"],
 [40995, "シロナの覇気"],
 [41316, 40995],
 [41338, 40995],
 [41356, 40995],
 [41921, 40995],
 [41942, 40995],
 [42414, 40995],
 [42506, 40995],
 [42889, 40995],
 [44510, 40995],
 [42415, "シンオウの仲間たち"],
 [42507, 42415],
 [42897, 42415],
 [41495, "シンオウ神殿"],
 [42430, 41495],
 [42519, 41495],
 [42620, "ジニア"],
 [42745, 42620],
 [43057, 42620],
 [43064, 42620],
 [43124, 42620],
 [43831, 42620],
 [44016, 42620],
 [25405, "ジャッジマン"],
 [25481, 25405],
 [31446, 25405],
 [31715, 25405],
 [34761, 25405],
 [35148, 25405],
 [35218, 25405],
 [35737, 25405],
 [35929, 25405],
 [36029, 25405],
 [36456, 25405],
 [36536, 25405],
 [36639, 25405],
 [36961, 25405],
 [39824, 25405],
 [39849, 25405],
 [39875, 25405],
 [40476, 25405],
 [40865, 25405],
 [41090, 25405],
 [41173, 25405],
 [42024, 25405],
 [42070, 25405],
 [42249, 25405],
 [42722, 25405],
 [42746, 25405],
 [42772, 25405],
 [43110, 25405],
 [43832, 25405],
 [44017, 25405],
 [40477, "ジュン"],
 [40866, 40477],
 [41014, 40477],
 [41174, 40477],
 [41315, 40477],
 [41337, 40477],
 [41920, 40477],
 [41941, 40477],
 [42250, 40477],
 [42186, "ジンダイ"],
 [42544, 42186],
 [39733, "スクールガール"],
 [39935, 39733],
 [40867, 39733],
 [39800, "スクールボーイ"],
 [39947, 39800],
 [40478, 39800],
 [40868, 39800],
 [40061, "スケーターズパーク"],
 [41587, "ススキ"],
 [41636, 41587],
 [41778, 41587],
 [42187, "スズナ"],
 [42545, 42187],
 [42621, "スター団のしたっぱ"],
 [43058, 42621],
 [43833, 42621],
 [43474, "スナッチアーム"],
 [43627, 43474],
 [39647, "スノーリーフバッジ"],
 [41750, "スパーク"],
 [41802, 41750],
 [40055, "スポンジグローブ"],
 [28560, "スーパーエネルギー回収"],
 [43029, 28560],
 [44193, 28560],
 [44502, 28560],
 [44680, 28560],
 [44808, 28560],
 [4084, "スーパーボール"],
 [19248, 4084],
 [27204, 4084],
 [27227, 4084],
 [27241, 4084],
 [27255, 4084],
 [27318, 4084],
 [27677, 4084],
 [27693, 4084],
 [28015, 4084],
 [28768, 4084],
 [28785, 4084],
 [30183, 4084],
 [30198, 4084],
 [31128, 4084],
 [31144, 4084],
 [33165, 4084],
 [34057, 4084],
 [36485, 4084],
 [36508, 4084],
 [36532, 4084],
 [37492, 4084],
 [37516, 4084],
 [37541, 4084],
 [37564, 4084],
 [37589, 4084],
 [38363, 4084],
 [38470, 4084],
 [39793, 4084],
 [39818, 4084],
 [39844, 4084],
 [39870, 4084],
 [40133, 4084],
 [40463, 4084],
 [40841, 4084],
 [41167, 4084],
 [42244, 4084],
 [43030, 4084],
 [43819, 4084],
 [44010, 4084],
 [39498, "ズミ"],
 [39524, 39498],
 [40869, 39498],
 [39335, "セイボリー"],
 [39358, 39335],
 [44061, 39335],
 [41425, "セキ"],
 [41649, 41425],
 [42416, 41425],
 [42890, 41425],
 [42025, "セレナ"],
 [42071, 42025],
 [42203, 42025],
 [42806, 42025],
 [44062, 42025],
 [44311, "センリ"],
 [44439, 44311],
 [41494, "タイサイ"],
 [41662, 41494],
 [43949, "タウンデパート"],
 [44706, 43949],
 [44830, 43949],
 [39337, "ダイ木の丘"],
 [41583, "ダメージポンプ"],
 [41633, 41583],
 [42397, 41583],
 [42491, 41583],
 [40059, "ダンサー"],
 [40112, 40059],
 [27824, "ダークパッチ"],
 [28342, 27824],
 [37413, 27824],
 [41332, 27824],
 [42396, 27824],
 [42490, 27824],
 [44048, 27824],
 [40996, "チェレンの気くばり"],
 [41357, 40996],
 [42417, 40996],
 [42508, 40996],
 [42891, 40996],
 [28908, "チャンピオンズフェスティバル"],
 [30589, 28908],
 [31468, 28908],
 [32318, 28908],
 [34205, 28908],
 [35389, 28908],
 [37179, 28908],
 [42092, 28908],
 [44132, "チリ"],
 [44399, 44132],
 [44404, 44132],
 [41251, "ツツジ"],
 [41296, 41251],
 [41509, 41251],
 [42418, 41251],
 [42509, 41251],
 [42807, 41251],
 [42892, 41251],
 [39194, "ツールジャマー"],
 [41895, "ツールボックス"],
 [44372, "テクノレーダー"],
 [42702, "テーブルシティ"],
 [44518, 42702],
 [41252, "デンボク"],
 [41297, 41252],
 [41510, 41252],
 [39794, "トイキャッチャー"],
 [39336, "トウキ"],
 [39359, 39336],
 [41422, "トレッキングシューズ"],
 [42398, 41422],
 [42492, 41422],
 [44049, 41422],
 [39426, "ドクター"],
 [39535, 39426],
 [39645, "ドリームボール"],
 [41426, "ナタネの活気"],
 [41650, 41426],
 [42419, 41426],
 [42510, 41426],
 [42808, 41426],
 [42893, 41426],
 [44511, 41426],
 [43484, "ナナミの手助け"],
 [43637, 43484],
 [43983, 43484],
 [43205, "ナンジャモ"],
 [43659, 43205],
 [43664, 43205],
 [44063, 43205],
 [44181, 43205],
 [44200, 43205],
 [44512, 43205],
 [44697, 43205],
 [44824, 43205],
 [41901, "ネジキ"],
 [42090, 41901],
 [42220, 41901],
 [33119, "ネストボール"],
 [33167, 33119],
 [33184, 33119],
 [33381, 33119],
 [34320, 33119],
 [34367, 33119],
 [34438, 33119],
 [34516, 33119],
 [34626, 33119],
 [35139, 33119],
 [35921, 33119],
 [36240, 33119],
 [36440, 33119],
 [36592, 33119],
 [36611, 33119],
 [42616, 33119],
 [42717, 33119],
 [42740, 33119],
 [42766, 33119],
 [42787, 33119],
 [43105, 33119],
 [43119, 33119],
 [43820, 33119],
 [44050, 33119],
 [44176, 33119],
 [44195, 33119],
 [44504, 33119],
 [44682, 33119],
 [44810, 33119],
 [42724, "ネモ"],
 [42748, 42724],
 [42774, 42724],
 [42903, 42724],
 [43112, 42724],
 [43130, 42724],
 [43131, 42724],
 [43835, 42724],
 [43836, 42724],
 [44019, 42724],
 [44020, 42724],
 [44182, 42724],
 [44201, 42724],
 [44513, 42724],
 [44514, 42724],
 [44683, "ネモのリュック"],
 [44811, 44683],
 [44698, "ネルケ"],
 [44825, 44698],
 [27615, "ハイパーボール"],
 [27633, 27615],
 [27967, 27615],
 [27985, 27615],
 [28343, 27615],
 [28379, 27615],
 [28399, 27615],
 [28662, 27615],
 [30323, 27615],
 [30567, 27615],
 [30628, 27615],
 [30942, 27615],
 [31202, 27615],
 [31262, 27615],
 [31705, 27615],
 [31822, 27615],
 [31847, 27615],
 [31968, 27615],
 [33168, 27615],
 [33185, 27615],
 [33274, 27615],
 [33382, 27615],
 [34060, 27615],
 [34183, 27615],
 [34368, 27615],
 [34504, 27615],
 [34517, 27615],
 [34627, 27615],
 [34753, 27615],
 [34853, 27615],
 [35004, 27615],
 [35140, 27615],
 [35210, 27615],
 [35370, 27615],
 [35922, 27615],
 [36024, 27615],
 [36241, 27615],
 [36307, 27615],
 [36400, 27615],
 [36441, 27615],
 [36612, 27615],
 [36858, 27615],
 [40464, 27615],
 [40843, 27615],
 [40991, 27615],
 [41120, 27615],
 [41168, 27615],
 [41311, 27615],
 [41333, 27615],
 [41913, 27615],
 [41935, 27615],
 [42245, 27615],
 [42399, 27615],
 [42493, 27615],
 [42694, 27615],
 [42718, 27615],
 [42741, 27615],
 [42767, 27615],
 [42788, 27615],
 [43106, 27615],
 [43321, 27615],
 [43821, 27615],
 [44011, 27615],
 [44051, 27615],
 [44177, 27615],
 [44196, 27615],
 [44505, 27615],
 [44684, 27615],
 [44812, 27615],
 [40998, "ハマナのバックアップ"],
 [41358, 40998],
 [41680, 40998],
 [43033, "ハヤト"],
 [43299, 43033],
 [40293, "ハンターグローブ"],
 [40053, "バトルVIPパス"],
 [44052, 40053],
 [39924, "バーネット博士"],
 [41093, 39924],
 [43943, "パトロールキャップ"],
 [41898, "パニックマスク"],
 [44133, "パラソルおねえさん"],
 [44400, 44133],
 [44405, 44133],
 [44243, "パラダイスリゾート"],
 [44701, "パルデアの学生"],
 [44702, 44701],
 [44826, 44701],
 [44827, 44701],
 [40054, "パワータブレット"],
 [42400, 40054],
 [42494, 40054],
 [39801, "ヒガナの決意"],
 [39948, 39801],
 [40872, 39801],
 [42252, 39801],
 [42809, 39801],
 [41490, "ヒスイのヘビーボール"],
 [42401, 41490],
 [42495, 41490],
 [42800, 41490],
 [44053, 41490],
 [42421, "ヒスイの仲間たち"],
 [42511, 42421],
 [42899, 42421],
 [41588, "ヒナツ"],
 [41637, 41588],
 [41779, 41588],
 [44376, "ヒョウタ"],
 [44464, 44376],
 [42624, "ビーチコート"],
 [44069, 42624],
 [44519, 42624],
 [44707, 42624],
 [44831, 42624],
 [39427, "ピオニー"],
 [39536, 39427],
 [40152, 39427],
 [40305, 39427],
 [40480, 39427],
 [40871, 39427],
 [42695, "ピクニックバスケット"],
 [43276, "ピーニャ"],
 [43684, 43276],
 [43689, 43276],
 [43274, "ファイトオレ"],
 [39652, "ファッションモール"],
 [41424, "フェザーボール"],
 [44377, "フトゥー博士のシナリオ"],
 [44465, 44377],
 [44470, 44377],
 [39127, "フヨウ"],
 [39266, 39127],
 [39731, "フルフェイスガード"],
 [40852, 39731],
 [41751, "ブランシェ"],
 [41804, 41751],
 [39424, "ブレイクグローブ"],
 [44307, "ブーストエナジー 古代"],
 [44374, "ブーストエナジー 未来"],
 [42700, "ペパー"],
 [42921, 42700],
 [43086, 42700],
 [43091, 42700],
 [43839, 42700],
 [44703, 42700],
 [44828, 42700],
 [41427, "ペリーラ"],
 [41663, 41427],
 [43035, "ボウルタウン"],
 [44070, 43035],
 [44708, 43035],
 [44832, 43035],
 [37976, "ボスの指令"],
 [38062, 37976],
 [38821, 37976],
 [38861, 37976],
 [38882, 37976],
 [39232, 37976],
 [39553, 37976],
 [39577, 37976],
 [39851, 37976],
 [40139, 37976],
 [40307, 37976],
 [40481, 37976],
 [40873, 37976],
 [40999, 37976],
 [41096, 37976],
 [41130, 37976],
 [41176, 37976],
 [41318, 37976],
 [41340, 37976],
 [41924, 37976],
 [41945, 37976],
 [42253, 37976],
 [42422, 37976],
 [42810, 37976],
 [42900, 37976],
 [43034, 37976],
 [43300, 37976],
 [43305, 37976],
 [43840, 37976],
 [44066, 37976],
 [44184, 37976],
 [44203, 37976],
 [44517, 37976],
 [44704, 37976],
 [42623, "ボタン"],
 [43060, 42623],
 [43065, 42623],
 [43313, 42623],
 [44705, 42623],
 [44829, 42623],
 [25252, "ポケギア3.0"],
 [36190, 25252],
 [36839, 25252],
 [36860, 25252],
 [37333, 25252],
 [37334, 25252],
 [37493, 25252],
 [37518, 25252],
 [37542, 25252],
 [37565, 25252],
 [37591, 25252],
 [37736, 25252],
 [38024, 25252],
 [38045, 25252],
 [38368, 25252],
 [38858, 25252],
 [38878, 25252],
 [38899, 25252],
 [39548, 25252],
 [39572, 25252],
 [40134, 25252],
 [41334, 25252],
 [42719, 25252],
 [42743, 25252],
 [42768, 25252],
 [42790, 25252],
 [43107, 25252],
 [43823, 25252],
 [44178, 25252],
 [44198, 25252],
 [41752, "ポケストップ"],
 [1114, "ポケモンいれかえ"],
 [2145, 1114],
 [3124, 1114],
 [10525, 1114],
 [15010, 1114],
 [17023, 1114],
 [19043, 1114],
 [21019, 1114],
 [21039, 1114],
 [21061, 1114],
 [21543, 1114],
 [21566, 1114],
 [21597, 1114],
 [22024, 1114],
 [22056, 1114],
 [23020, 1114],
 [23047, 1114],
 [24026, 1114],
 [24057, 1114],
 [25119, 1114],
 [25559, 1114],
 [27024, 1114],
 [27043, 1114],
 [27062, 1114],
 [27228, 1114],
 [27242, 1114],
 [27256, 1114],
 [27319, 1114],
 [27616, 1114],
 [27634, 1114],
 [27678, 1114],
 [27694, 1114],
 [27712, 1114],
 [27728, 1114],
 [27744, 1114],
 [28016, 1114],
 [28035, 1114],
 [28051, 1114],
 [28067, 1114],
 [28381, 1114],
 [28401, 1114],
 [28484, 1114],
 [28502, 1114],
 [28664, 1114],
 [28769, 1114],
 [28786, 1114],
 [30036, 1114],
 [30168, 1114],
 [30169, 1114],
 [30184, 1114],
 [30199, 1114],
 [30324, 1114],
 [30569, 1114],
 [30629, 1114],
 [30943, 1114],
 [31129, 1114],
 [31145, 1114],
 [31206, 1114],
 [31266, 1114],
 [31457, 1114],
 [31708, 1114],
 [31823, 1114],
 [32202, 1114],
 [32283, 1114],
 [33120, 1114],
 [33170, 1114],
 [33384, 1114],
 [33532, 1114],
 [33547, 1114],
 [34061, 1114],
 [34184, 1114],
 [34370, 1114],
 [34755, 1114],
 [34914, 1114],
 [35006, 1114],
 [35142, 1114],
 [35211, 1114],
 [35372, 1114],
 [35924, 1114],
 [36242, 1114],
 [36445, 1114],
 [36487, 1114],
 [36509, 1114],
 [36533, 1114],
 [36616, 1114],
 [36861, 1114],
 [36957, 1114],
 [37494, 1114],
 [37519, 1114],
 [37543, 1114],
 [37566, 1114],
 [37592, 1114],
 [37737, 1114],
 [38006, 1114],
 [38025, 1114],
 [38046, 1114],
 [38369, 1114],
 [38471, 1114],
 [38859, 1114],
 [38879, 1114],
 [38900, 1114],
 [39226, 1114],
 [39549, 1114],
 [39573, 1114],
 [39795, 1114],
 [39819, 1114],
 [39845, 1114],
 [39871, 1114],
 [40135, 1114],
 [40466, 1114],
 [40845, 1114],
 [41123, 1114],
 [41169, 1114],
 [41312, 1114],
 [41335, 1114],
 [41672, 1114],
 [41914, 1114],
 [41936, 1114],
 [42022, 1114],
 [42068, 1114],
 [42246, 1114],
 [42720, 1114],
 [42744, 1114],
 [42769, 1114],
 [42791, 1114],
 [42902, 1114],
 [43108, 1114],
 [43121, 1114],
 [43824, 1114],
 [44012, 1114],
 [44055, 1114],
 [44126, 1114],
 [44179, 1114],
 [44199, 1114],
 [44507, 1114],
 [27207, "ポケモンキャッチャー"],
 [27229, 27207],
 [27243, 27207],
 [27257, 27207],
 [27320, 27207],
 [27617, 27207],
 [27635, 27207],
 [27679, 27207],
 [27695, 27207],
 [28347, 27207],
 [28382, 27207],
 [28402, 27207],
 [28475, 27207],
 [28493, 27207],
 [28665, 27207],
 [28770, 27207],
 [28787, 27207],
 [30037, 27207],
 [30185, 27207],
 [30200, 27207],
 [30570, 27207],
 [30630, 27207],
 [31130, 27207],
 [31146, 27207],
 [31207, 27207],
 [31267, 27207],
 [31458, 27207],
 [31709, 27207],
 [31824, 27207],
 [31849, 27207],
 [32203, 27207],
 [33171, 27207],
 [33385, 27207],
 [33548, 27207],
 [34062, 27207],
 [34185, 27207],
 [34371, 27207],
 [34439, 27207],
 [34756, 27207],
 [35007, 27207],
 [35143, 27207],
 [35212, 27207],
 [35373, 27207],
 [36243, 27207],
 [36488, 27207],
 [36510, 27207],
 [36534, 27207],
 [37495, 27207],
 [37520, 27207],
 [37544, 27207],
 [37567, 27207],
 [37593, 27207],
 [37738, 27207],
 [38026, 27207],
 [38047, 27207],
 [38370, 27207],
 [38472, 27207],
 [38901, 27207],
 [39820, 27207],
 [39846, 27207],
 [39872, 27207],
 [40467, 27207],
 [40846, 27207],
 [41170, 27207],
 [41673, 27207],
 [42721, 27207],
 [42770, 27207],
 [43109, 27207],
 [43825, 27207],
 [44013, 27207],
 [43950, "ポケモンリーグ本部"],
 [44709, 43950],
 [44833, 43950],
 [40060, "ポッドとデントとコーン"],
 [40113, 40060],
 [43947, "ポピー"],
 [44157, 43947],
 [44164, 43947],
 [44419, 43947],
 [39651, "マクワ"],
 [39899, 39651],
 [40874, 39651],
 [41098, 39651],
 [41001, "マグマの滝壺"],
 [42255, 41001],
 [42431, 41001],
 [42520, 41001],
 [42813, 41001],
 [44071, 41001],
 [44204, 41001],
 [44520, 41001],
 [43485, "マサキの転送"],
 [43638, 43485],
 [43984, 43485],
 [40308, "マスター"],
 [41099, 40308],
 [39128, "マスタード いちげきのかた"],
 [39267, 39128],
 [41100, 39128],
 [39197, "マスタード れんげきのかた"],
 [39256, 39197],
 [41101, 39197],
 [40482, "マリィのプライド"],
 [40875, 40482],
 [41015, 40482],
 [42027, "ミクリ"],
 [42073, 42027],
 [42205, 42027],
 [39202, "ミツバ"],
 [39209, 39202],
 [42701, "ミモザ"],
 [43087, 42701],
 [43092, 42701],
 [41896, "ミラージュゲート"],
 [42402, 41896],
 [42496, 41896],
 [41902, "メリッサ"],
 [42091, 41902],
 [44312, "メロコ"],
 [44440, 44312],
 [44445, 44312],
 [39428, "メロン"],
 [39537, 39428],
 [40310, 39428],
 [40876, 39428],
 [41102, 39428],
 [42423, 39428],
 [42512, 39428],
 [42894, 39428],
 [25262, "モノマネむすめ"],
 [25282, 25262],
 [34920, 25262],
 [35595, 25262],
 [35723, 25262],
 [39734, 25262],
 [39936, 25262],
 [40877, 25262],
 [39198, "モミ"],
 [39511, 39198],
 [39669, 39198],
 [40311, 39198],
 [40878, 39198],
 [42424, 39198],
 [42513, 39198],
 [42811, 39198],
 [44067, 39198],
 [1116, "モンスターボール"],
 [10526, 1116],
 [15011, 1116],
 [17010, 1116],
 [19019, 1116],
 [19044, 1116],
 [21021, 1116],
 [21042, 1116],
 [21063, 1116],
 [21521, 1116],
 [21544, 1116],
 [21567, 1116],
 [21598, 1116],
 [22025, 1116],
 [22057, 1116],
 [23022, 1116],
 [23049, 1116],
 [24027, 1116],
 [24058, 1116],
 [25123, 1116],
 [25422, 1116],
 [25439, 1116],
 [25456, 1116],
 [25477, 1116],
 [27026, 1116],
 [27045, 1116],
 [27064, 1116],
 [27714, 1116],
 [27730, 1116],
 [27746, 1116],
 [28036, 1116],
 [28052, 1116],
 [28068, 1116],
 [28440, 1116],
 [28449, 1116],
 [28458, 1116],
 [28467, 1116],
 [28476, 1116],
 [28485, 1116],
 [28494, 1116],
 [28503, 1116],
 [30038, 1116],
 [30170, 1116],
 [30171, 1116],
 [31711, 1116],
 [33173, 1116],
 [33533, 1116],
 [33549, 1116],
 [37774, 1116],
 [38007, 1116],
 [40468, 1116],
 [40847, 1116],
 [41171, 1116],
 [41665, 1116],
 [41674, 1116],
 [42901, 1116],
 [40312, "ユウリ"],
 [41104, 40312],
 [43948, "ライム"],
 [44158, 43948],
 [41519, "ラベン博士"],
 [44378, "リップ"],
 [44466, 44378],
 [44471, 44378],
 [43944, "リベンジパンチ"],
 [39649, "リボンバッジ"],
 [41748, "ルアーモジュール"],
 [39728, "レスキューキャリー"],
 [42403, 39728],
 [42497, 39728],
 [43036, "レッスンスタジオ"],
 [44710, 43036],
 [44834, 43036],
 [27549, "レベルボール"],
 [27760, 27549],
 [28350, 27549],
 [31044, 27549],
 [31435, 27549],
 [31445, 27549],
 [33673, 27549],
 [33801, 27549],
 [37419, 27549],
 [39193, 27549],
 [39821, 27549],
 [39847, 27549],
 [39873, 27549],
 [40290, 27549],
 [40848, 27549],
 [41124, 27549],
 [41915, 27549],
 [42247, 27549],
 [42404, 27549],
 [42498, 27549],
 [42801, 27549],
 [44056, 27549],
 [44412, "レホール"],
 [41903, "ロストシティ"],
 [41897, "ロストスイーパー"],
 [42405, 41897],
 [42499, 41897],
 [42802, 41897],
 [44057, 41897],
 [44693, "ワザマシン かじばのいっぱつ"],
 [44821, 44693],
 [44129, "ワザマシン やみうち"],
 [44128, "ワザマシン エナジーターボ"],
 [44375, "ワザマシン エヴォリューション"],
 [44309, "ワザマシン デヴォリューション"],
 [42188, "ワタル"],
 [42546, 42188],
 [39552, "冒険家の発見"],
 [39576, 39552],
 [40306, 39552],
 [41095, 39552],
 [41923, 39552],
 [41944, 39552],
 [43203, "勇気のおまもり"],
 [44180, 43203],
 [44692, 43203],
 [44820, 43203],
 [42954, "勝利のしるし(2位)"],
 [43135, 42954],
 [44238, 42954],
 [44241, 42954],
 [42955, "勝利のしるし(3位)"],
 [43136, 42955],
 [44239, 42955],
 [44242, 42955],
 [42953, "勝利のしるし(優勝)"],
 [43134, 42953],
 [44237, 42953],
 [44240, 42953],
 [37497, "博士の研究"],
 [37522, 37497],
 [37546, 37497],
 [37570, 37497],
 [37595, 37497],
 [37669, 37497],
 [37739, 37497],
 [37874, 37497],
 [38029, 37497],
 [38051, 37497],
 [38385, 37497],
 [38634, 37497],
 [38819, 37497],
 [38860, 37497],
 [38880, 37497],
 [38903, 37497],
 [39231, 37497],
 [39551, 37497],
 [39575, 37497],
 [39825, 37497],
 [39850, 37497],
 [39877, 37497],
 [39900, 37497],
 [40068, 37497],
 [40137, 37497],
 [40144, 37497],
 [40479, 37497],
 [40870, 37497],
 [40997, 37497],
 [41094, 37497],
 [41129, 37497],
 [41175, 37497],
 [41317, 37497],
 [41339, 37497],
 [41675, 37497],
 [41803, 37497],
 [41922, 37497],
 [41943, 37497],
 [42251, 37497],
 [42420, 37497],
 [42622, 37497],
 [42699, 37497],
 [42725, 37497],
 [42749, 37497],
 [42775, 37497],
 [42793, 37497],
 [42898, 37497],
 [43059, 37497],
 [43085, 37497],
 [43113, 37497],
 [43125, 37497],
 [43126, 37497],
 [43837, 37497],
 [43838, 37497],
 [44021, 37497],
 [44022, 37497],
 [44064, 37497],
 [44065, 37497],
 [44183, 37497],
 [44202, 37497],
 [44515, 37497],
 [44516, 37497],
 [44699, 37497],
 [44700, 37497],
 [43475, "古びたかいの化石"],
 [43628, 43475],
 [43476, "古びたこうらの化石"],
 [43629, 43476],
 [43477, "古びたひみつのコハク"],
 [43630, 43477],
 [43479, "大きなふうせん"],
 [43632, 43479],
 [44688, 43479],
 [44816, 43479],
 [41428, "大口の沼"],
 [42427, 41428],
 [42516, 41428],
 [44306, "大地の器"],
 [42183, "大地の封印石"],
 [27550, "学習装置"],
 [27855, 27550],
 [30795, 27550],
 [33061, 27550],
 [33175, 27550],
 [39125, 27550],
 [40850, 27550],
 [42618, 27550],
 [43122, 27550],
 [44014, 27550],
 [43478, "安全ゴーグル"],
 [43631, 43478],
 [42617, "岩のむねあて"],
 [43826, 42617],
 [44687, 42617],
 [44815, 42617],
 [41000, "崩れたスタジアム"],
 [42428, 41000],
 [42517, 41000],
 [39802, "嵐の山脈"],
 [42254, 39802],
 [42425, 39802],
 [42514, 39802],
 [39792, "当たりつきアイス"],
 [39648, "月と太陽のバッジ"],
 [44033, "月明かりの丘"],
 [42189, "未開の祭壇"],
 [42184, "森の封印石"],
 [44058, 42184],
 [39493, "正義のグローブ"],
 [39122, "活力の壺"],
 [39545, 39122],
 [40283, 39122],
 [40837, 39122],
 [41585, "災いの箱"],
 [41635, 41585],
 [43206, "災いの荒野"],
 [43277, "災いの雪山"],
 [39729, "穴掘りグローブ"],
 [41953, "穴掘り兄弟"],
 [42407, "空の封印石"],
 [39735, "結晶の洞窟"],
 [39423, "耐火グローブ"],
 [39492, "草取りグローブ"],
 [41917, "葉隠れポンチョ"],
 [41938, 41917],
 [42408, 41917],
 [42501, 41917],
 [41589, "野盗三姉妹"],
 [41638, 41589],
 [41780, 41589],
 [39491, "霧の水晶"],
 [40284, 39491],
 [40839, 39491],
 [41116, 39491],
 [41934, 39491],
 [42395, 39491],
 [42489, 39491],
 [42799, 39491],
 [44046, 39491],
 [44174, 39491],
 [39430, "頂への雪道"],
 [40316, 39430],
 [41132, 39430],
 [42426, 39430],
 [42515, 39430],
 [42812, 39430],
 [44068, 39430]]
